0 0.030129635565773194 1.6145024957751213 100 8.47457627118644
0 0.010008517507136884 1.660540032065753 200 9.433962264150942
0 0.0005534811351781316 1.3231019615733 300 10.416666666666666
0 0.0005405465696319399 0.9132299001850467 400 10.471204188481675
0 0.0008148302151069535 0.7325410843126923 500 10.416666666666666
0 0.0027975511442445322 0.7435977150382741 600 10.416666666666666
0 0.0008920635286272527 0.8291658532169777 700 10.27900146842878
0 0.0004757851584341184 0.7049340745654237 800 10.282776349614394
10 0.025584998219111102 1.463030231044085 100 9.009009009009008
10 0.007586502786857296 1.505766219034359 200 9.75609756097561
10 0.0013455670250934581 1.0958392842504403 300 10.714285714285714
10 0.001479164689139671 0.6600353790897907 400 10.666666666666666
10 0.00010694891187922105 0.44820101135133716 500 10.570824524312895
10 0.0020583602288793234 0.446375056014089 600 10.544815465729348
10 0.0001788668006054794 0.5222311770320482 700 10.37037037037037
10 0.0010542397829438842 0.4004126969726069 800 10.376134889753565
20 0.018685902182068816 1.0801338701723444 100 9.615384615384615
20 0.003953338709950425 1.128387915248042 200 10.0
20 0.00387592070770218 0.64895865040676 300 10.94890510948905
20 0.003060618413316038 0.23360351675786656 400 10.81081081081081
20 0.001354732928411697 0.07463027944184684 500 10.70663811563169
20 0.000938081380506258 0.04928538333636974 600 10.657193605683835
20 0.0011058023953400438 0.0232290648665893 700 10.447761194029852
20 0.0019225274013716417 0.12608587757974205 800 10.471204188481675
30 0.015007825740432761 0.8936377173568653 100 10.1010101010101
30 0.0015881640077844315 0.8805784044935927 200 10.256410256410257
30 0.005359683958305383 0.37693663253771653 300 11.194029850746269
30 0.003870196230214062 0.11663152565993469 400 10.92896174863388
30 0.001999549807051102 0.28154745077286997 500 10.822510822510822
30 0.0003431424917765041 0.28842836514171943 600 10.75268817204301
30 0.0018592189854826535 0.2547223769904556 700 10.510510510510509
30 0.002383576266681687 0.359029161740018 800 10.554089709762533
40 0.013269281237069934 0.8488348826659052 100 10.638297872340425
40 0.0012383964829712154 0.7674716817049472 200 10.471204188481675
40 0.006275755866547108 0.2528587866101506 300 11.406844106463877
40 0.0043147167143848955 0.20863678325369503 400 11.019283746556473
40 0.002266451818354235 0.39762935540411587 500 10.917030567685588
40 0.00018595018683401462 0.4002304429928123 600 10.830324909747292
40 0.002360974088481647 0.38979932920500043 700 10.542168674698795
40 0.002610902428072805 0.47738204041343235 800 10.624169986719789
50 0.009658491486222527 0.6612071689866916 100 10.989010989010989
50 0.0037699169512595792 0.4811017249205309 200 10.638297872340425
50 0.007991198624744882 0.10134345131147827 300 11.538461538461538
50 0.005356403685553773 0.4443797735070458 400 11.080332409972298
50 0.002898147255726291 0.6296025961754909 500 10.989010989010989
50 0.0006303431416757442 0.6310549294323868 600 10.88929219600726
50 0.0030280848063639274 0.6451126864095563 700 10.558069381598793
50 0.0030612957898842512 0.6996404820807512 800 10.680907877169558
60 0.005839699008175671 0.4477851873723907 100 11.363636363636363
60 0.006449744812386365 0.22148779690396178 200 10.81081081081081
60 0.009517063092197386 0.35559570961077025 300 11.627906976744185
60 0.00642413876916848 0.6930652484604733 400 11.080332409972298
60 0.0037661697018741107 0.8534961950494508 500 11.013215859030836
60 0.0009965869803816175 0.850343774153168 600 10.909090909090908
60 0.0035852243567638777 0.8854831948381544 700 10.558069381598793
60 0.0035071273752871634 0.9021268784061202 800 10.72386058981233
70 0.003219417483906651 0.36307222572537257 100 11.494252873563218
70 0.008220947144466364 0.23842286561965978 200 10.92896174863388
70 0.010207188055972646 0.5269979752880576 300 11.627906976744185
70 0.006900808250161462 0.8353467561409709 400 11.080332409972298
70 0.003800175418203536 0.9811564018256786 500 10.964912280701753
70 0.0010867118893259124 0.9612401815465719 600 10.909090909090908
70 0.0038615129803245165 1.0095401840445057 700 10.558069381598793
70 0.0037410397548628765 1.0036719216418883 800 10.767160161507404
80 0.0011279247989127203 0.34987191300131726 100 11.494252873563218
80 0.009688816238285304 0.30998550100291433 200 11.049723756906076
80 0.010268821047491569 0.6171580482589024 300 11.583011583011581
80 0.006878053132934568 0.910759510269156 400 11.049723756906076
80 0.0031735365978993106 1.0333206585034604 500 10.940919037199125
80 0.0011312169957561917 0.9992737493363245 600 10.88929219600726
80 0.004172628638973633 1.0546735947811674 700 10.558069381598793
80 0.0038242376151274684 1.041724478658685 800 10.79622132253711
90 0.0015756076396203223 0.3208611031224531 100 11.494252873563218
90 0.011226941226262506 0.4045964596689494 200 11.235955056179774
90 0.010252538557914005 0.7131449247378095 300 11.538461538461538
90 0.00672606457875352 0.9846649659827008 400 11.049723756906076
90 0.0031607905032953825 1.0874842892008787 500 10.917030567685588
90 0.0013659008057212284 1.0441721665614199 600 10.849909584086799
90 0.0044823502833907574 1.101444710994231 700 10.558069381598793
90 0.003917577191409852 1.0818933533883404 800 10.825439783491204
100 0.003985606583606033 0.27667891438193665 100 11.235955056179774
100 0.012540542722726757 0.5351738487264663 200 11.428571428571429
100 0.010287821123971199 0.8325975615533265 300 11.450381679389311
100 0.006545739332088147 1.0753879127583357 400 11.019283746556473
100 0.0032076630436785394 1.1540201891014719 500 10.917030567685588
100 0.0021942551825827276 1.111238161858991 600 10.771992818671453
100 0.004349758272345035 1.161278932887579 700 10.558069381598793
100 0.0037658566690342305 1.131994747585765 800 10.854816824966079
110 0.008625793324140027 0.27689667273303503 100 10.869565217391303
110 0.013875878543198663 0.6843406380152559 200 11.560693641618496
110 0.010046171473553982 0.947562467252943 300 11.406844106463877
110 0.00664004610432279 1.1615199332826496 400 11.019283746556473
110 0.002989368018639314 1.2197597955499018 500 10.917030567685588
110 0.003463194760419727 1.1882058578683934 600 10.695187165775401
110 0.004217705302776828 1.2179916989241546 700 10.574018126888218
110 0.0036845357782479982 1.1823498719475771 800 10.854816824966079
120 0.010534000422686828 0.36749220725515225 100 10.416666666666664
120 0.01479712370267245 0.8012673101244034 200 11.695906432748536
120 0.010389700117754011 1.0537531507023938 300 11.278195488721805
120 0.006468184177408593 1.2311321613808004 400 11.019283746556473
120 0.0026671298352860763 1.269601906938268 500 10.893246187363832
120 0.004209810240914389 1.2559802762227097 600 10.600706713780918
120 0.004135189555202107 1.2575812839117175 700 10.59001512859304
120 0.0033754101707110153 1.2204644545106764 800 10.825439783491204
130 0.013378963637242686 0.4664448102231211 100 10.204081632653061
130 0.01569334577126941 0.8860119768067556 200 11.764705882352942
130 0.010130225540109243 1.138298065005874 300 11.152416356877323
130 0.0061912683972975635 1.2903768424117508 400 10.95890410958904
130 0.002621821813614313 1.3013825895978925 500 10.845986984815617
130 0.004815305593880333 1.299674584928194 600 10.526315789473685
130 0.004117704622190531 1.2790589637709642 700 10.59001512859304
130 0.002028335675458981 1.2373304615360585 800 10.79622132253711
140 0.017277240981890783 0.591779503674555 100 10.1010101010101
140 0.01453014759444476 0.9727770745850437 200 11.695906432748536
140 0.010371942947191813 1.2186379652139474 300 11.02941176470588
140 0.00602060937238209 1.3384647884961332 400 10.92896174863388
140 0.0026327416620171825 1.3248981821364223 500 10.822510822510822
140 0.005125454901152837 1.3362843276439333 600 10.452961672473867
140 0.004124355223296823 1.2938393908354444 700 10.606060606060606
140 0.0006965829623971652 1.2440600256754184 800 10.767160161507404
150 0.01907142345653724 0.7053068245536542 100 10.204081632653061
150 0.014213164670209303 1.0457823819878616 200 11.627906976744187
150 0.010464386215190441 1.2915362687948164 300 10.909090909090908
150 0.006048983998609766 1.3848021564760078 400 10.840108401084011
150 0.002143632833776667 1.3387439510403338 500 10.775862068965516
150 0.005081023764492713 1.3579009885261872 600 10.398613518197573
150 0.004183153906843807 1.2998317825617858 700 10.638297872340425
150 0.00014573403992685776 1.242263983908969 800 10.75268817204301
160 0.019951302372939156 0.7780681025694527 100 10.309278350515463
160 0.014925776695829278 1.0890533264319238 200 11.560693641618496
160 0.009929275429706551 1.3295510222779168 300 10.869565217391305
160 0.004923964587952984 1.3991892224197264 400 10.78167115902965
160 0.0017239549150035885 1.3163524151258772 500 10.75268817204301
160 0.005016375109734372 1.3396199070576058 600 10.380622837370241
160 0.004369790467742552 1.282656126408658 700 10.670731707317072
160 0.0005462669936396704 1.2181297708847776 800 10.75268817204301
170 0.020685420583222095 0.7891905419476895 100 10.638297872340425
170 0.015351548696990949 1.115394235760144 200 11.494252873563218
170 0.009047321444058346 1.3475974232171086 300 10.830324909747292
170 0.003863402681993484 1.3806265497076355 400 10.75268817204301
170 0.001409088415387566 1.26460448769184 500 10.729613733905579
170 0.005048778172048349 1.2928821194209532 600 10.380622837370241
170 0.0043984524407633865 1.2464780326571048 700 10.703363914373087
170 0.0007206003411037072 1.174062761177093 800 10.767160161507404
180 0.021427061210593488 0.8365297673041551 100 10.989010989010989
180 0.014477423977649985 1.1590023926973756 200 11.428571428571429
180 0.008145425275372948 1.3595953244122365 300 10.869565217391305
180 0.003447902821431354 1.3633733562020764 400 10.75268817204301
180 0.0014116960306408532 1.2229775567816095 500 10.683760683760683
180 0.004932261712614531 1.255154637350646 600 10.398613518197573
180 0.004239481654363069 1.218887640176664 700 10.736196319018404
180 0.0007021935462557094 1.1350135369450345 800 10.767160161507404
190 0.02109544438652189 0.8552027722371885 100 11.494252873563218
190 0.013906664591088835 1.1767285815723245 200 11.494252873563218
190 0.007205130809581505 1.3564745739249213 300 10.909090909090908
190 0.002838919160859942 1.3231459362979117 400 10.81081081081081
190 0.0020527915992928723 1.1663916594619956 500 10.638297872340425
190 0.004653771816743892 1.2010429414667894 600 10.434782608695652
190 0.0040485232075227915 1.1753078025764037 700 10.785824345146379
190 0.0005114695051594251 1.0812219277288937 800 10.75268817204301
200 0.01931852088200762 0.7640293877820015 100 12.19512195121951
200 0.01223768240729711 1.1279019472265575 200 11.560693641618496
200 0.006112438820164045 1.2743697360237767 300 11.02941176470588
200 0.0017194469058987262 1.2058107205564443 400 10.869565217391303
200 0.0024001158670976064 1.0309330752082784 500 10.638297872340425
200 0.004159728118019711 1.0696681703679753 600 10.507880910683012
200 0.0035691149827044156 1.0684085767563596 700 10.819165378670787
200 0.0002134565787822459 0.9677162140209616 800 10.72386058981233
210 0.018947400523984703 0.7841118650120166 100 12.82051282051282
210 0.010815896770871221 1.1302837154263274 200 11.695906432748536
210 0.005340507865964931 1.250471577203096 300 11.11111111111111
210 0.0009943664116822066 1.1450166173564782 400 10.92896174863388
210 0.002765879941786823 0.9763958829656358 500 10.615711252653927
210 0.003921543302381267 1.0125304276913896 600 10.56338028169014
210 0.0028173359882463322 1.0200594201831816 700 10.852713178294573
210 9.672746678856883e-05 0.9102708327039103 800 10.7095046854083
220 0.019534509028948353 0.8654062976887275 100 13.333333333333334
220 0.009932626878986908 1.1835270577481543 200 11.695906432748536
220 0.004771399518128266 1.2589321931277526 300 11.194029850746269
220 0.0006798889300826772 1.1205446622373678 400 10.989010989010989
220 0.003152107821102139 0.969234596765586 500 10.59322033898305
220 0.0038234940115285084 0.998061586707452 600 10.619469026548673
220 0.001540285268707909 1.005772345481568 700 10.852713178294573
220 0.0005265548003846786 0.8843702584060581 800 10.666666666666666
230 0.017732634670593227 0.7701753173462831 100 13.6986301369863
230 0.008069547512058434 1.0792455663389964 200 11.560693641618496
230 0.0033721478032500748 1.0998688510250432 300 11.194029850746269
230 0.0004762849993677229 0.907023366716743 400 10.989010989010989
230 0.0030227656015190687 0.7641930301246624 500 10.548523206751053
230 0.0032514679547849604 0.8043784331946521 600 10.657193605683835
230 0.0003961723998580459 0.8206710736883613 700 10.852713178294573
230 0.0007689751197069329 0.7155557529654897 800 10.58201058201058
240 0.01643155937784523 0.6973257651895136 100 13.513513513513512
240 0.006794772265104888 0.9441618369691135 200 11.428571428571429
240 0.0022214784993171708 0.9077209910978911 300 11.152416356877323
240 0.0013015724494122405 0.6663532951185221 400 10.95890410958904
240 0.002627412469341102 0.5479035431579417 500 10.460251046025103
240 0.0026918273701475428 0.5999256395478189 600 10.676156583629894
240 0.0020656075563796595 0.6146817364643012 700 10.835913312693497
240 0.0008812939369400907 0.5387659438061888 800 10.498687664041995
250 0.014780658365802087 0.6848833006485691 100 13.157894736842104
250 0.005833280528810628 0.8698409847586868 200 11.173184357541897
250 0.0012736381598849916 0.7722725988303655 300 10.989010989010989
250 0.0023695871035961246 0.47786213477747497 400 10.869565217391303
250 0.0022026864355290513 0.39774415273593683 500 10.395010395010395
250 0.002334743856854013 0.46635658074444414 600 10.695187165775401
250 0.003000026373692171 0.47250602086160776 700 10.819165378670787
250 0.0008033142120143553 0.4225187353567667 800 10.430247718383312
260 0.011471864504444661 0.6386660774231852 100 12.5
260 0.004030534550638428 0.7281347739358018 200 10.92896174863388
260 0.0012409754833610617 0.5596526920030741 300 10.79136690647482
260 0.003185007730141365 0.23157434143790495 400 10.75268817204301
260 0.002072533965706688 0.197803515356701 500 10.309278350515465
260 0.0019006403683483927 0.29375767095082794 600 10.676156583629894
260 0.0036472468130912274 0.2952033741739226 700 10.76923076923077
260 0.0005267102240132303 0.2925270715233609 800 10.376134889753565
270 0.007572429122639138 0.5344861705432453 100 11.627906976744187
270 0.0014607115776438132 0.5176602797127096 200 10.695187165775401
270 0.0026071721555871816 0.2829085631287688 300 10.600706713780918
270 0.0034843261515547503 0.090834223078565 400 10.526315789473685
270 0.0017108269288729357 0.04362303434908194 500 10.245901639344261
270 0.0014463621728243489 0.10499365798448732 600 10.657193605683835
270 0.0038324427285728255 0.14062730057724357 700 10.703363914373087
270 0.00012394188565249714 0.1960932063502654 800 10.309278350515463
280 0.0055926166722583825 0.47352130922454067 100 10.869565217391303
280 0.00046671474922340897 0.3598224630497802 200 10.471204188481675
280 0.004060569391365937 0.09436371230216188 300 10.452961672473867
280 0.0019335723696008646 0.2723214708708884 400 10.282776349614394
280 0.001296344587138313 0.1795472160824557 500 10.183299389002036
280 0.0011115381733052539 0.09379546990831722 600 10.600706713780918
280 0.0030750374387200955 0.17244644828352879 700 10.542168674698795
280 0.000552883001369547 0.19038899150265348 800 10.243277848911651
290 0.0016406909998700925 0.38769881437382664 100 10.416666666666664
290 0.001977792919265147 0.22662930028754347 200 10.309278350515463
290 0.005469824062994423 0.14086822386168982 300 10.344827586206897
290 0.00120116372367522 0.4098506789775083 400 10.1010101010101
290 0.001016811038691253 0.28112623047368906 500 10.16260162601626
290 0.0007580415702157251 0.1733877146858316 600 10.526315789473685
290 0.0024578632641433706 0.24196083809647065 700 10.385756676557863
290 0.0008869310119719214 0.21675299904402057 800 10.19108280254777
300 0.001352212696884246 0.2243408042331322 100 9.9009900990099
300 0.0035173157098094734 0.1340634540774687 200 10.204081632653061
300 0.006213979624629654 0.3566727844152986 300 10.273972602739725
300 0.0008638417201872603 0.5777556099613974 400 9.950248756218905
300 0.0007964806256162208 0.41992144754372734 500 10.16260162601626
300 0.0029651126872185874 0.31092567713225644 600 10.471204188481675
300 0.0017443601226514354 0.33596001039741663 700 10.248901903367496
300 0.001275268995405993 0.27776869473751803 800 10.139416983523446
310 0.002627552523342599 0.1548090474570115 100 9.70873786407767
310 0.0048285611731177505 0.29683228719756277 200 10.15228426395939
310 0.006929778850359383 0.589196891796652 300 10.238907849829351
310 0.0009952134028807483 0.7511120439355652 400 9.876543209876543
310 0.0006394293110686503 0.5673189973619674 500 10.204081632653061
310 0.004894687480925095 0.46000804580627375 600 10.452961672473867
310 0.001360397554394907 0.43209327467367903 700 10.15965166908563
310 0.0014635775254835642 0.35300604535103114 800 10.050251256281406
320 0.003030329937005449 0.23047208557414592 100 9.615384615384615
320 0.005031620780594412 0.41856048240582316 200 10.1010101010101
320 0.007844992679785046 0.7222097619687099 300 10.238907849829351
320 0.0012017161722641184 0.8304424438913809 400 9.828009828009828
320 0.0006430705964350917 0.6276792918526611 500 10.245901639344261
320 0.004704559494249006 0.5309624444777452 600 10.452961672473867
320 0.0012854204621125897 0.468776495117022 700 10.115606936416185
320 0.0006825087396999857 0.3859893772274389 800 9.9626400996264
330 0.003280595876776056 0.24862796902226994 100 9.523809523809524
330 0.006295244868789457 0.4583944373546472 200 10.050251256281406
330 0.008140948208123795 0.77482493864127 300 10.238907849829351
330 0.0011480984915922894 0.8290191388719704 400 9.852216748768473
330 0.0006871120299659434 0.6192709196609223 500 10.309278350515465
330 0.0042830303887520255 0.5362589343279193 600 10.489510489510488
330 0.0011355219039645337 0.45970383438802565 700 10.115606936416185
330 0.0003131978308282403 0.3831683968234105 800 9.925558312655086
340 0.003576594477170105 0.24189769632415048 100 9.615384615384615
340 0.007663293184692238 0.4812837484678404 200 10.0
340 0.008032332628657006 0.8037194587544885 300 10.238907849829351
340 0.000846399035295354 0.8004160579388204 400 9.852216748768473
340 0.0006667095792374758 0.5889361309403324 500 10.373443983402488
340 0.004333571378618986 0.5220573972654388 600 10.507880910683012
340 0.001045364683821638 0.4361007999740935 700 10.115606936416185
340 0.0002927875448623483 0.36613601459422684 800 9.913258983890954
350 0.004218054056060116 0.2245087422766515 100 9.70873786407767
350 0.00751324309829687 0.48174135923716604 200 10.050251256281406
350 0.007551987555472945 0.8165521946713127 300 10.204081632653061
350 0.000835954361391086 0.7515048500289748 400 9.9009900990099
350 0.0006751684575714376 0.5429620238679553 500 10.4384133611691
350 0.004617362789853779 0.4944502473223516 600 10.526315789473685
350 0.0009966434477246037 0.4048619229396745 700 10.130246020260492
350 0.000253775458882286 0.3349467680202464 800 9.925558312655086
360 0.00577190127839899 0.27464464873016053 100 9.80392156862745
360 0.007961684838286973 0.5539132312759842 200 10.1010101010101
360 0.0064836876708627015 0.8838649562288484 300 10.135135135135135
360 0.0008210323764182021 0.7576620818226765 400 9.950248756218905
360 0.0006738184613425774 0.5472100977999445 500 10.482180293501047
360 0.005010140539379264 0.5119148815852955 600 10.507880910683012
360 0.0012274237778505468 0.4044044046991618 700 10.130246020260492
360 0.0037432314664880752 0.32237848855287504 800 9.937888198757763
370 0.00655974833359192 0.34111092319639796 100 9.9009900990099
370 0.00896243309799873 0.6308089246905733 200 10.15228426395939
370 0.00449818434040108 0.9431843476856577 300 10.03344481605351
370 0.0008047478574276838 0.7623171293526555 400 10.0
370 0.0006539224218445494 0.5529228003921977 500 10.526315789473685
370 0.004551585978438823 0.5244128544911592 600 10.452961672473867
370 0.0014474857258300047 0.40263474584144554 700 10.130246020260492
370 0.0037669024771104986 0.3164139458650224 800 9.950248756218905
380 0.005661117850909003 0.24547695013320972 100 10.0
380 0.009092042609997802 0.5401620407122417 200 10.204081632653061
380 0.0026811064764099067 0.8351773131564083 300 9.966777408637872
380 0.0009173185621461396 0.6168947702036095 400 10.050251256281406
380 0.0007103259797634037 0.4263745485006496 500 10.526315789473685
380 0.003599963358124755 0.4214047083125288 600 10.380622837370241
380 0.0012873636396479166 0.32898549215533823 700 10.144927536231885
380 0.0037612941673643378 0.25665172654938073 800 9.9626400996264
390 0.005571738234014646 0.2097393248152778 100 10.204081632653061
390 0.008870325728989182 0.5029488598128087 200 10.309278350515463
390 0.0015224087219263625 0.7634787651786061 300 9.933774834437084
390 0.0010650987405603405 0.5200720074719162 400 10.1010101010101
390 0.0018939288655555474 0.3496996655734768 500 10.526315789473685
390 0.002616023227055334 0.35968892089788573 600 10.344827586206897
390 0.0011994062765556843 0.2853893034995032 700 10.144927536231885
390 0.0037844544628811362 0.2177453510565503 800 9.975062344139651
400 0.005844067431840597 0.22520206843855328 100 10.309278350515463
400 0.008683279407322372 0.5463484583699255 200 10.362694300518134
400 0.0007530698735845103 0.7480836160511833 300 9.900990099009901
400 0.0011058502960776125 0.48887463276489407 400 10.204081632653061
400 0.00348795149769607 0.32917180212806546 500 10.548523206751053
400 0.0017677643802718294 0.341496523641776 600 10.273972602739725
400 0.0012853558653838255 0.2752012750154677 700 10.144927536231885
400 0.003809534274825321 0.20405932238884325 800 10.0
410 0.006980376278092481 0.30572740220160577 100 10.416666666666664
410 0.008924793569327672 0.6578979661408905 200 10.471204188481675
410 0.000672315835121066 0.8001422267850244 300 9.900990099009901
410 0.0009611819032474952 0.5233075611450172 400 10.282776349614394
410 0.0051904879926266195 0.3699170871273663 500 10.570824524312895
410 0.001182678622732615 0.3639684760429293 600 10.221465076660987
410 0.0013816084949602387 0.29751004496177774 700 10.101010101010102
420 0.006859975387681943 0.3999546151240629 100 10.526315789473685
420 0.010043902319614027 0.7853890191619759 200 10.471204188481675
420 0.0007930626751300061 0.8493216699646683 300 9.868421052631579
420 0.0008695943103339862 0.5574602596387647 400 10.362694300518134
420 0.006083822730064592 0.4157519204671654 500 10.615711252653927
420 0.0010385773302414322 0.38625317355696714 600 10.186757215619693
420 0.000594840888523193 0.32095362503191355 700 10.014306151645206
430 0.008623126372913197 0.4589582561030729 100 10.416666666666664
430 0.010626187059106262 0.8570292411001907 200 10.526315789473685
430 0.0008022779847550624 0.8454248392652385 300 9.868421052631579
430 0.0008309198877005406 0.5443902528335705 400 10.443864229765012
430 0.005835833677094033 0.419988502078223 500 10.638297872340425
430 0.0008510795268568559 0.37801148124107753 600 10.186757215619693
430 0.0001739067018146221 0.319946513956849 700 9.97150997150997
440 0.01175564818249481 0.4950390817119888 100 10.309278350515463
440 0.010486998650264572 0.8958898126451674 200 10.526315789473685
440 0.000940660713455214 0.7974826454782173 300 9.900990099009901
440 0.000942783037863409 0.49719038052847714 400 10.526315789473685
440 0.0057943496175056255 0.39283448211989624 500 10.683760683760683
440 0.0006894888590812193 0.34926584390029825 600 10.186757215619693
440 0.00026460729185514626 0.3017441124783021 700 9.943181818181817
450 0.011326175538694054 0.48852272372186173 100 10.309278350515463
450 0.009558175797424538 0.8981716429922553 200 10.416666666666664
450 0.0015758867663504407 0.6984326414174533 300 9.933774834437084
450 0.0011924555754417299 0.4089477460884957 400 10.58201058201058
450 0.006220858511033828 0.332216508226468 500 10.683760683760683
450 0.0005078837863415383 0.2971144174725064 600 10.186757215619693
450 0.0003763203143285177 0.25337793483750076 700 9.943181818181817
460 0.010396272189660126 0.4483785878805627 100 10.309278350515463
460 0.007152013094405536 0.853860226330837 200 10.256410256410257
460 0.0020912953578693517 0.5585520487449854 300 9.933774834437084
460 0.001634701355657499 0.30003028934261056 400 10.638297872340425
460 0.005510656491815211 0.2545151915244501 500 10.638297872340425
460 0.0004886185332229262 0.2358806351006326 600 10.169491525423728
460 0.0043812706761935955 0.1864134951366194 700 9.943181818181817
470 0.011561842378280639 0.4756630411163074 100 10.309278350515463
470 0.003467570244894258 0.8408620969426248 200 10.050251256281406
470 0.0023112114889464307 0.4790173911791031 300 9.966777408637872
470 0.0017780152953635912 0.25140395910684915 400 10.638297872340425
470 0.004080756541611211 0.22797532935621248 500 10.526315789473685
470 0.0006276484944346846 0.20539614624954972 600 10.152284263959391
470 0.004363799644329796 0.15411206569113534 700 9.929078014184396
480 0.01270971051743205 0.4841678928047989 100 10.309278350515463
480 0.000976921196221654 0.7638309884702039 200 9.852216748768473
480 0.002642053618624 0.3709709796235352 300 10.0
480 0.0007678428897283394 0.20604917331109068 400 10.610079575596815
480 0.003056015590008513 0.18674732657228854 500 10.416666666666666
480 0.0005725727367133438 0.1658469052707102 600 10.135135135135135
480 0.004396285938633798 0.11434666235125494 700 9.929078014184396
490 0.012082313043578635 0.5026248621184964 100 10.204081632653061
490 0.0016011357456801234 0.6557605675728889 200 9.70873786407767
490 0.0030803782894481013 0.2733992835978656 300 10.06711409395973
490 0.001614104734038357 0.19886686144447904 400 10.58201058201058
490 0.0016245316383190229 0.1739777958556384 500 10.309278350515465
490 0.0005345440623466444 0.14550631809892994 600 10.1010101010101
490 0.004351353557575222 0.09023035898139568 700 9.929078014184396
500 0.01111055183087445 0.5436141023129015 100 10.309278350515463
500 0.003098261983267582 0.578321060143841 200 9.615384615384615
500 0.003337259039782894 0.23249202597498833 300 10.135135135135135
500 0.003787391565495052 0.19288042604932432 400 10.58201058201058
500 0.0004471905022569833 0.1787587689741652 500 10.183299389002036
500 0.0005843761853616052 0.1419128956294071 600 10.050251256281406
510 0.012348126613210973 0.6701530214436717 100 10.309278350515463
510 0.003407127858279777 0.5741556408931775 200 9.523809523809524
510 0.003265921279122486 0.25306372991590603 300 10.204081632653061
510 0.005559482992466581 0.17427600971285528 400 10.58201058201058
510 0.00030065069110278716 0.189418661097184 500 10.1010101010101
510 0.00029649445901057175 0.15855597695749157 600 9.950248756218905
520 0.013485386387879899 0.7420514621739694 100 10.416666666666664
520 0.0035657436577749956 0.5189067903739611 200 9.523809523809524
520 0.0033683328366243526 0.24574648107855243 300 10.344827586206897
520 0.006207701488826635 0.1570978147828825 400 10.638297872340425
520 0.00043348188143824807 0.17779256881353545 500 10.1010101010101
520 0.0011417853040150596 0.1418351773042013 600 9.884678747940692
530 0.011146684068649144 0.6119794634492433 100 10.526315789473685
530 0.005441351353633369 0.25644424860418646 200 9.56937799043062
530 0.004278048026035135 0.2786302463443287 300 10.452961672473867
530 0.006007188300088917 0.24995251643466404 400 10.695187165775401
530 0.0011174490743586644 0.1911881577860042 500 10.12145748987854
530 0.0018488660390719672 0.11156002273410374 600 9.852216748768472
540 0.008705568873893552 0.5006742008466081 100 10.526315789473685
540 0.007412338868672363 0.107089406117691 200 9.661835748792269
540 0.00517468332151218 0.42475369210686464 300 10.56338028169014
540 0.005331804958329357 0.3738298395123564 400 10.75268817204301
540 0.001636964705027546 0.25239750224720653 500 10.12145748987854
540 0.0022439787672326934 0.15221856793163885 600 9.852216748768472
550 0.007266008672208445 0.5318819555775801 100 10.309278350515463
550 0.008064582999838088 0.19652208091818657 200 9.70873786407767
550 0.005393736264561302 0.49750526599962863 300 10.676156583629894
550 0.0049084343909589975 0.39726886878496565 400 10.75268817204301
550 0.001623461011239057 0.26308728338840165 500 10.12145748987854
550 0.002271623399586581 0.17161673423092894 600 9.868421052631579
560 0.0026728819021571582 0.462443498556735 100 9.80392156862745
560 0.008577758170913665 0.32926598053991385 200 9.70873786407767
560 0.005877674470381596 0.6145288309546909 300 10.714285714285714
560 0.0035933240644186798 0.4542115372960596 400 10.638297872340425
560 0.0015261585321901484 0.2958886401735946 500 10.1010101010101
560 0.005216371799455322 0.21663603813908924 600 9.852216748768472
570 0.008277632993811478 0.22840084969085567 100 9.523809523809524
570 0.009649357513610606 0.5329153627286992 200 9.75609756097561
570 0.005977727105973936 0.7916738121609365 300 10.676156583629894
570 0.0015367684672976199 0.5648751248705427 400 10.498687664041995
570 0.0017188519357808118 0.3692453156765594 500 10.080645161290322
570 0.005234075425817461 0.2900864864595639 600 9.852216748768472
580 0.012797019305451462 0.24203607694398688 100 9.25925925925926
580 0.010451540832711732 0.7110587844398618 200 9.852216748768473
580 0.0041575869241799275 0.9192619950036245 300 10.676156583629894
580 0.00037913118142447413 0.6412620372060742 400 10.362694300518134
580 0.001911902761113323 0.4239505955042569 500 10.060362173038229
580 0.005187626074670315 0.34092897567716884 600 9.852216748768472
590 0.01605203556113618 0.3130057173130206 100 9.009009009009008
590 0.010464013042481617 0.7859940842970313 200 9.950248756218905
590 0.0009217655528966715 0.9455718655752627 300 10.638297872340425
590 0.0015391222909628985 0.6346203154639132 400 10.204081632653061
590 0.001725862714369258 0.4293942348685684 500 10.020040080160319
590 0.005079316667946085 0.35032986935450067 600 9.852216748768472
600 0.017498224503879292 0.4269540438397534 100 8.849557522123893
600 0.01039170159584787 0.8550425957743134 200 10.050251256281406
600 0.0027369040311018976 0.9372508075503456 300 10.600706713780918
600 0.002691202679016762 0.6119461544864844 400 10.075566750629722
600 0.0016880242340946705 0.4244775753277457 500 9.92063492063492
610 0.019320958345596693 0.713787802407623 100 8.695652173913043
610 0.011165217873953321 1.0153983179910062 200 10.15228426395939
610 0.0035716638990164005 1.0022868943781926 300 10.638297872340425
610 0.0034968916703914045 0.6474083066316173 400 10.0
610 0.003314638653730259 0.4671036559681578 500 9.803921568627452
620 0.020809456197038924 0.9445212450351522 100 8.695652173913043
620 0.011750487878115183 1.1452277473762928 200 10.309278350515463
620 0.0042087104557510125 1.046667862479317 300 10.676156583629894
620 0.004085666445471464 0.6760981765096497 400 10.0
620 0.004397415748196483 0.5006058001888516 500 9.727626459143968
630 0.02264239695766807 1.0878297399108832 100 8.771929824561402
630 0.011920399605902876 1.2278990064997357 200 10.471204188481675
630 0.004294767474744617 1.0470854350617973 300 10.75268817204301
630 0.004238811709941994 0.6714918035802525 400 10.0
630 0.004451708853013916 0.5038119242285876 500 9.70873786407767
640 0.023441795884834034 1.1708762124598175 100 8.928571428571427
640 0.011748130871234058 1.277596422821746 200 10.638297872340425
640 0.004230416651795222 1.0152397136596856 300 10.830324909747292
640 0.00406754797170963 0.6456607755473606 400 10.025062656641603
640 0.004317824714296693 0.49188091067506484 500 9.727626459143968
650 0.021710136869404994 1.172301405798363 100 9.174311926605505
650 0.010937449675718252 1.263269149562081 200 10.869565217391303
650 0.004270756752769206 0.9322494628047968 300 10.869565217391305
650 0.0033820679618360118 0.5879122786815034 400 10.075566750629722
650 0.00616721189927194 0.4478046002011403 500 9.765625
660 0.01715415533567506 0.9976558935565484 100 9.433962264150942
660 0.00879805453380274 1.0972903579106001 200 11.11111111111111
660 0.004669335856874681 0.7311972866667834 300 10.869565217391305
660 0.0019799876971363694 0.46731024157748463 400 10.126582278481013
660 0.006255508918432792 0.327004274827323 500 9.823182711198427
670 0.012572930843887562 0.7641891199206153 100 9.80392156862745
670 0.0062977665741380685 0.8765343825840551 200 11.299435028248588
670 0.004581294259557084 0.5643155189676597 300 10.830324909747292
670 0.0007052475874305048 0.4080225750836437 400 10.178117048346055
670 0.006230986530294112 0.26853660666333334 500 9.881422924901186
680 0.009737949278401265 0.6422400954699471 100 10.1010101010101
680 0.002618398363932692 0.7311755897240636 200 11.363636363636363
680 0.004630447156884447 0.528289086381066 300 10.79136690647482
680 0.00048284952176905633 0.4256178638825117 400 10.230179028132993
680 0.00623271590668151 0.2949306561248191 500 9.92063492063492
690 0.007558496963648509 0.5379807508930169 100 10.526315789473685
690 0.002021898175338546 0.5852645220805964 200 11.494252873563218
690 0.00381877303627132 0.5596079686265101 300 10.714285714285714
690 0.0010883372181637683 0.4788176583154742 400 10.256410256410257
690 0.006170709524466397 0.3564636864998296 500 9.9601593625498
700 0.005088919629874617 0.40991862541695534 100 10.869565217391303
700 0.007440617394251936 0.4106242038762736 200 11.560693641618496
700 0.0031977014468254268 0.6355162372711298 300 10.600706713780918
700 0.001881326327114248 0.5656921356506349 400 10.282776349614394
700 0.006193242633885412 0.4455162283851845 500 10.020040080160319
710 0.0035297992794074543 0.3482335606521471 100 11.363636363636363
710 0.011887838301342912 0.3513985571917584 200 11.695906432748536
710 0.002407627525208079 0.6982211323016512 300 10.526315789473685
710 0.002349130791567485 0.6376037448628094 400 10.230179028132993
720 0.0029916917225482533 0.36222842542597644 100 11.764705882352942
720 0.01440533900223036 0.37929830183685537 200 11.834319526627217
720 0.0020313478998246664 0.7255619209850559 300 10.489510489510488
720 0.0013734288383508994 0.6732359791554559 400 10.126582278481013
730 0.0029831593200959315 0.4013493602490405 100 12.19512195121951
730 0.015345399765176675 0.42635224540766115 200 11.904761904761905
730 0.0016446047115250765 0.7261668482675754 300 10.452961672473867
730 0.00068633469121137 0.6692434151133198 400 10.0
740 0.0016784311750409372 0.37874718704449195 100 12.658227848101266
740 0.013930862067588888 0.5255107236391899 200 11.976047904191617
740 0.001908615444511305 0.7739829424714981 300 10.416666666666666
740 0.0007130429764153975 0.7201773531235822 400 9.950248756218905
750 0.00018875405623350244 0.3725261633912435 100 12.987012987012987
750 0.013431566850182456 0.672074597953917 200 11.976047904191617
750 0.0024613875222647234 0.8392144521233195 300 10.416666666666666
750 0.0008226043544533882 0.7759884278825414 400 9.925558312655086
760 0.0003154076035286296 0.3831661744970002 100 13.157894736842104
760 0.014557522908064004 0.7642891510171623 200 11.834319526627217
760 0.0029545344184214797 0.8505172126137995 300 10.344827586206897
760 0.007746572249583765 0.7438091203671564 400 9.9009900990099
770 0.0003865614701752949 0.3771364461453842 100 12.987012987012987
770 0.013300740271407463 0.8739788487095419 200 11.363636363636363
770 0.00345812534991336 0.8572985346913915 300 10.273972602739725
770 0.0077208912481936546 0.726323278960279 400 9.852216748768473
780 0.006898838231123846 0.35667625479333515 100 12.658227848101266
780 0.010935719818252594 0.9703417178544194 200 10.92896174863388
780 0.0037458273621791107 0.8725482868154688 300 10.169491525423728
780 0.007721049726786535 0.7210359824343009 400 9.828009828009828
790 0.019680683090179504 0.41437657234629105 100 12.048192771084336
790 0.0074217882061060935 1.0479210210281216 200 10.416666666666664
790 0.004108034638880575 0.8983620953247905 300 10.03344481605351
790 0.007689741824744706 0.7230119621540899 400 9.779951100244498
800 0.029805590931608263 0.5710256820461993 100 11.764705882352942
800 0.004760312676573973 1.089223134209683 200 9.950248756218905
800 0.0037368294609141936 0.9405976936478381 300 9.74025974025974
810 0.027712717714710067 0.778875527003335 100 11.363636363636363
810 0.003905561465028408 1.0972632564077807 200 9.661835748792269
810 0.0012264008066098764 0.9535042650753388 300 9.404388714733543
820 0.026260473393021254 0.9785575431962154 100 11.11111111111111
820 0.0036695031858175126 1.0986216051871243 200 9.47867298578199
820 0.0010965822301745216 0.93970275695404 300 9.202453987730062
830 0.02763650808723046 1.1938029204635927 100 10.75268817204301
830 0.004041929314454866 1.1092963069723814 200 9.345794392523363
830 0.010406832765760921 0.9039682273967764 300 9.118541033434651
840 0.03071276526332722 1.4130731902059614 100 10.204081632653061
840 0.0050857397440350225 1.1316455403367705 200 9.25925925925926
840 0.010419313933576015 0.8835252764191929 300 9.090909090909092
850 0.02338381017551247 1.5757245090192442 100 9.70873786407767
850 0.0047321118861071935 1.0881831943076052 200 9.216589861751151
850 0.010382547927737256 0.7879154383287305 300 9.090909090909092
860 0.012036729537088517 1.4785233480663746 100 9.433962264150942
860 0.0015969111253958477 0.7633868671781916 200 9.216589861751151
860 0.01024373751068822 0.4179235863077633 300 9.118541033434651
870 0.0034103346882605103 0.979247544398438 100 9.009009009009008
870 0.0029651981918856537 0.36427119010826753 200 9.174311926605505
870 0.009979855334339302 0.43952898108695515 300 9.146341463414632
880 0.017155486094812142 0.2793304405530081 100 8.620689655172413
880 0.0073309867373661285 0.7476519231765514 200 9.009009009009008
890 0.0242038066270792 0.5740844022338633 100 8.403361344537815
890 0.013203063929136534 1.15057981260471 200 8.73362445414847
900 0.029001087505921917 1.009049450393105 100 8.264462809917354
900 0.014096694089466155 1.4355472141998311 200 8.51063829787234
910 0.029570387642795487 1.271622519069139 100 8.130081300813007
910 0.013993134533604934 1.5498147510805893 200 8.403361344537815
920 0.02792175781444086 1.4168332189395219 100 8.130081300813007
920 0.014727468044053687 1.5695349648938928 200 8.403361344537815
930 0.024307535194223132 1.45068458960455 100 8.264462809917354
930 0.015022688450475734 1.5202544291563398 200 8.47457627118644
940 0.018948600682000084 1.337930277529747 100 8.403361344537815
940 0.015252233632463998 1.39261798432623 200 8.583690987124463
950 0.01456797319285472 1.1792929255984135 100 8.620689655172413
950 0.015518051215346829 1.237637951791243 200 8.73362445414847
960 0.011611754778548068 1.0657258425051672 100 8.849557522123893
960 0.015577856662300087 1.1272841029467235 200 8.849557522123893
970 0.006981282050941859 0.7818647186146319 100 9.009009009009008
970 0.015653682645241977 0.8709176553445136 200 8.968609865470851
980 0.003031460198817898 0.5267391258943576 100 9.25925925925926
980 0.015617245737916237 0.6388296320858222 200 9.174311926605505
990 0.0013777712721646826 0.23922753814149122 100 9.345794392523363
1000 0.0014047063382494945 0.08341973865312646 100 9.174311926605505
1010 0.00341739055216978 0.11333946395219238 100 8.928571428571427
1020 0.005676456407038528 0.15613588418526736 100 8.695652173913043
1030 0.0053158021845046395 0.13162070441065848 100 8.620689655172413
1040 0.005384924870690989 0.08882804393040723 100 8.620689655172413
1050 0.03098898541801232 0.2169124453883696 100 8.620689655172413
1060 0.03085973451624506 0.33822146151903276 100 8.695652173913043
1070 0.030938747098580546 0.4245181458291587 100 8.771929824561402
1080 0.030796230307022672 0.4960259299832623 100 8.849557522123893
1090 0.030535576884916097 0.5953213712385198 100 9.009009009009008
