0 0.0004005717996291378 0.16982159621022763 100 7.633587786259541
0 0.0001446325519582132 0.13162783948880286 200 7.782101167315174
0 5.7063459337820674e-05 0.1241261818712553 300 7.772020725388601
0 8.85498969465802e-05 0.07229579324995067 400 8.146639511201629
0 0.00010206911563128156 0.07814316517415318 500 8.051529790660226
0 0.00010151000253000837 0.08585506842488519 600 7.957559681697612
0 0.00010209542287978912 0.050885457141684506 700 8.505467800729038
0 0.00010931077765309157 0.03745462600010882 800 8.528784648187631
10 0.0007919719312417128 0.1410380469377729 100 8.130081300813007
10 0.00034247330738834713 0.13577149870223004 200 8.0
10 0.0001942418472059514 0.13025625929415155 300 7.936507936507936
10 0.0001608567046989037 0.08094492616576082 400 8.281573498964802
10 0.0001700870839530119 0.09090517583360293 500 8.064516129032258
10 0.00015446920126107463 0.09021209827478624 600 8.042895442359248
10 0.00014583098154353672 0.07450419877900523 700 8.5995085995086
10 0.0001537055145083574 0.05604763011062628 800 8.592910848549945
20 0.0006175376457193509 0.08907378996728901 100 8.547008547008547
20 0.0002749962881451579 0.10696310890929035 200 8.16326530612245
20 0.00017541675743299988 0.10705613656414606 300 8.064516129032258
20 0.00014175138727900606 0.061581690507820766 400 8.403361344537815
20 0.00018536804114263782 0.0925579356135579 500 7.974481658692184
20 0.0001383277034982004 0.07661463836995558 600 8.130081300813009
20 0.00012941244590160226 0.06400298775373184 700 8.674101610904584
20 0.0001438812030928173 0.046220528969603054 800 8.658008658008658
30 0.0001673276423436692 0.047024495790424926 100 8.928571428571427
30 4.882099221147942e-05 0.06297072043220074 200 8.23045267489712
30 4.5948192032316916e-05 0.07030740987018061 300 8.152173913043477
30 5.1608018627297504e-05 0.026267150723384692 400 8.47457627118644
30 0.00010226317363453093 0.09572453163438001 500 7.898894154818325
30 8.308128350699319e-05 0.057578353898570744 600 8.19672131147541
30 8.097181194825163e-05 0.027494856894854154 700 8.75
30 9.380273425851264e-05 0.01715278949108137 800 8.686210640608033
40 0.00020366734006211355 0.05568343775589305 100 9.009009009009008
40 0.00010160535185516569 0.06478416569534125 200 8.23045267489712
40 5.0970473180193834e-05 0.06701465616361339 300 8.174386920980925
40 5.241605602463754e-05 0.022048967201639777 400 8.528784648187631
40 7.327943231514278e-05 0.10021239242214176 500 7.861635220125786
40 7.497231607396896e-05 0.051693573967002804 600 8.241758241758243
40 7.718752088034164e-05 0.03186088322988249 700 8.79396984924623
40 8.407663200811502e-05 0.019690736108857798 800 8.629989212513484
50 0.000381484837320418 0.06960927891576889 100 9.090909090909092
50 0.0001195304244770652 0.08417670056546607 200 8.19672131147541
50 0.00011081408029447314 0.0761578620592797 300 8.19672131147541
50 8.8071880895902e-05 0.03172383356882422 400 8.547008547008547
50 0.00010483790940351472 0.10202151099451842 500 7.861635220125786
50 0.0001019545504320139 0.05226156575403682 600 8.287292817679557
50 9.687504886279763e-05 0.04953230429141275 700 8.816120906801007
50 0.00018981413736038715 0.04623367831481637 800 8.333333333333334
60 0.00030867201325748594 0.07266899835556964 100 9.174311926605505
60 0.00015920777921669708 0.08453138691276811 200 8.16326530612245
60 0.00010846620152224158 0.0693883388260943 300 8.219178082191782
60 7.975412901408164e-05 0.031217441528844325 400 8.547008547008547
60 9.027080251994351e-05 0.10141793122146125 500 7.861635220125786
60 9.018057152730947e-05 0.04939383188762083 600 8.333333333333334
60 6.364756517228229e-05 0.04707589188243533 700 8.80503144654088
60 0.00017219071298612895 0.052838382773030955 800 8.281573498964802
70 0.000214018159927572 0.07243798307615587 100 9.174311926605505
70 4.5598109451464655e-05 0.07351137301800101 200 8.16326530612245
70 5.624464710922498e-05 0.05520065941303725 300 8.264462809917354
70 5.153500794032527e-05 0.02342613959429498 400 8.528784648187631
70 4.896465376758167e-05 0.09796266138305326 500 7.886435331230283
70 6.703128384862114e-05 0.038271090040272515 600 8.391608391608392
70 6.777585661969147e-05 0.026290041990918677 700 8.73907615480649
70 0.0001524191482871349 0.05576755555672588 800 8.281573498964802
80 0.00019194104123866802 0.0680514062689598 100 9.174311926605505
80 9.049918377029903e-05 0.06906117670574263 200 8.130081300813007
80 4.3170687434851016e-05 0.04751425561898316 300 8.287292817679557
80 5.8655825596981845e-05 0.024843260371240534 400 8.492569002123142
80 4.4707748577618455e-05 0.09763772969758398 500 7.911392405063291
80 6.901754097774617e-05 0.03163280472035117 600 8.438818565400842
80 4.346275609318856e-05 0.020249107317841398 700 8.695652173913043
80 0.00012791667416541913 0.05946005439011737 800 8.290155440414507
90 0.0002630564168575656 0.044726030042368387 100 8.928571428571427
90 7.554245775706728e-05 0.07821549095280697 200 8.032128514056224
90 7.696886415856022e-05 0.0490600715672165 300 8.264462809917354
90 4.843711875896417e-05 0.03165667362283824 400 8.438818565400842
90 5.4686848954907246e-05 0.0972083279138971 500 7.923930269413629
90 6.127421151360373e-05 0.028995167425489302 600 8.474576271186441
90 4.552001999429408e-05 0.022644212258704773 700 8.663366336633661
90 0.00013406542618289643 0.057991428787023 800 8.281573498964802
100 0.0002485237900622202 0.023110934223153502 100 8.695652173913043
100 3.8333885358433824e-05 0.08969258591829396 200 7.936507936507936
100 4.531641400029799e-05 0.05037267935732469 300 8.264462809917354
100 4.885202311545037e-05 0.03720168648944392 400 8.368200836820083
100 4.323867814610591e-05 0.09298424620102205 500 7.936507936507937
100 7.851985946234686e-05 0.02468222212684089 600 8.522727272727272
100 9.436753222007976e-05 0.01929415280232279 700 8.641975308641975
100 0.00014878077045821868 0.05194360624655396 800 8.273009307135471
110 0.00022236387342712503 0.02652562774128274 100 8.403361344537815
110 8.32707209354778e-05 0.09565576094576823 200 7.874015748031495
110 7.73370684648266e-05 0.05128089859350251 300 8.264462809917354
110 8.042871666477858e-05 0.045607484174431764 400 8.316008316008316
110 6.868683069844429e-05 0.09292491307442508 500 7.949125596184419
110 7.436385866145144e-05 0.027081783435166897 600 8.559201141226819
110 8.962015145082347e-05 0.025251458434790385 700 8.641975308641975
110 0.00014045170466562095 0.053731965461840676 800 8.273009307135471
120 0.0003235573951774004 0.06272670996617533 100 8.064516129032258
120 0.00016536389111665605 0.10021122988501574 200 7.8431372549019605
120 9.681433459844641e-05 0.051126770717398434 300 8.264462809917354
120 6.54824505649459e-05 0.0537571082590482 400 8.264462809917354
120 5.698708355678891e-05 0.09147233228301622 500 7.974481658692184
120 6.857738674100786e-05 0.024705675354608346 600 8.60832137733142
120 7.884544298160154e-05 0.024531444597557964 700 8.641975308641975
120 0.00013375425722887175 0.05433993682563627 800 8.273009307135471
130 0.0001814856627613586 0.09826890758315826 100 7.8125
130 0.0001142295480951333 0.1051984536011321 200 7.782101167315174
130 0.00010171061931552803 0.052443850807953725 300 8.287292817679557
130 6.735667716677592e-05 0.07563706556639133 400 8.113590263691682
130 8.158835367890229e-05 0.08906436667639318 500 8.0
130 8.016216819266434e-05 0.02181908264708245 600 8.658008658008658
130 7.588096613895474e-05 0.02512894363495936 700 8.652657601977749
130 0.00012516334874485824 0.05803238758104623 800 8.255933952528379
140 0.00016160077745333627 0.12739331732453554 100 7.575757575757575
140 4.162447607141191e-05 0.10770090521983768 200 7.782101167315174
140 6.461276350505503e-05 0.044513140746453475 300 8.310249307479223
140 0.00010569300718424169 0.12858876995730037 400 7.677543186180422
140 8.456581478041665e-05 0.07810233301330391 500 8.038585209003216
140 8.072534045303013e-05 0.018031421317862163 600 8.695652173913043
140 8.37244485757709e-05 0.018214872799038655 700 8.641975308641975
140 0.00013696644603154205 0.06049102498452222 800 8.18833162743091
150 0.0002348074956413273 0.1438693745999109 100 7.462686567164179
150 5.3303828583101885e-05 0.108338511660696 200 7.751937984496124
150 6.455325726074312e-05 0.044309649009033295 300 8.333333333333334
150 6.609894722189133e-05 0.14000883654968654 400 7.604562737642586
150 8.321646196754534e-05 0.07364984367864265 500 8.090614886731391
150 8.093056879110712e-05 0.016075341536828096 600 8.73362445414847
150 7.298344656809865e-05 0.02396585792876744 700 8.536585365853659
150 0.0038781115444304144 0.10124770723964764 800 7.662835249042145
160 0.00014762587023543457 0.16167127890483446 100 7.352941176470588
160 2.900082845260673e-05 0.1076465181247052 200 7.782101167315174
160 4.549901504419824e-05 0.04269607746807796 300 8.356545961002785
160 6.805823532109778e-05 0.14168040132364376 400 7.575757575757575
160 8.398946763672487e-05 0.06644646436756005 500 8.130081300813009
160 7.752245247266165e-05 0.020989833487369193 600 8.75912408759124
160 0.00016634983754281368 0.05919256810732261 700 8.2063305978898
170 0.00011583808851753374 0.17494227162688586 100 7.2992700729927
170 4.347242700063147e-05 0.10276068105830148 200 7.8125
170 6.374303948920756e-05 0.04184816021583614 300 8.333333333333334
170 7.632146697294049e-05 0.13865790127232747 400 7.575757575757575
170 9.057042645821341e-05 0.057418377986880695 500 8.183306055646481
170 0.00010483482867821937 0.01739399268761883 600 8.708272859216255
170 0.00015968865058809038 0.06124540664434253 700 8.158508158508157
180 0.00013465677468447874 0.18359920614485173 100 7.246376811594202
180 0.00011307299026231382 0.09872152211139416 200 7.8431372549019605
180 0.00012697921661811311 0.04602021535741093 300 8.287292817679557
180 9.790117891350586e-05 0.13540550540545093 400 7.604562737642586
180 0.0001222162047281089 0.049937894330052336 500 8.237232289950576
180 9.79548771350069e-05 0.016033563703024566 600 8.633093525179856
180 0.00016158542750354575 0.06126160967084904 700 8.149010477299184
190 0.00019923482056956172 0.18912873597723448 100 7.194244604316546
190 0.00010361065115995742 0.09614118668545908 200 7.874015748031495
190 0.00011513680596878152 0.05232905951425992 300 8.264462809917354
190 8.855864182368151e-05 0.13519950245589157 400 7.633587786259541
190 0.0001144962286043694 0.04712103857544047 500 8.305647840531561
190 9.284104985654177e-05 0.021673092495154322 600 8.595988538681949
190 0.00014342324365695296 0.06435769074877724 700 8.158508158508157
200 0.00022292384995469067 0.1880732820077688 100 7.194244604316546
200 0.0001494728550006471 0.09059069546451727 200 7.905138339920948
200 0.0001298360727842498 0.053516942295071625 300 8.264462809917354
200 0.00011183145277550403 0.13093828258529774 400 7.677543186180422
200 0.00011303327265983227 0.04041530719914781 500 8.375209380234505
200 8.647372119111584e-05 0.02322028048934096 600 8.595988538681949
200 0.00014109582483956779 0.06493575542696205 700 8.177570093457943
210 0.00019607272949114516 0.18146979365431143 100 7.246376811594202
210 9.555015308279827e-05 0.07685251546533807 200 7.96812749003984
210 0.00012502974174723 0.04625159273253034 300 8.241758241758243
210 0.00010871449663959794 0.11554373273592106 400 7.722007722007722
210 0.00013125480084095494 0.030259478520014434 500 8.445945945945946
210 0.00013922909135797622 0.021764579411251046 600 8.60832137733142
210 0.00017379672763571192 0.057772333535895656 700 8.19672131147541
220 0.000130628068492032 0.1740856538438637 100 7.2992700729927
220 0.00011609477289238076 0.06852442663911627 200 8.064516129032258
220 0.00010640688121150974 0.0472502867783731 300 8.241758241758243
220 0.0001208935484757495 0.10995935720399679 400 7.766990291262136
220 0.00011444662721793726 0.02419760092103873 500 8.517887563884157
220 0.0001216736458879423 0.02133211308815661 600 8.633093525179856
220 0.00016620487030585108 0.059109262172092746 700 8.225616921269093
230 0.00013157410619608353 0.1638946094578626 100 7.352941176470588
230 0.0001623608788427614 0.06388869859295537 200 8.16326530612245
230 0.0001322483178998527 0.052765391535229425 300 8.264462809917354
230 0.00012064792987278852 0.11002215651959019 400 7.8277886497064575
230 0.00011857508542061695 0.01610015102179533 500 8.59106529209622
230 0.00010619686308838205 0.02194346022818907 600 8.670520231213873
230 0.00014006733953126949 0.06514064341127813 700 8.244994110718492
240 0.00035914318970760637 0.14403174151577108 100 7.462686567164179
240 0.000162866243669561 0.04613722377185285 200 8.29875518672199
240 0.00012297782980117658 0.04823955112602288 300 8.287292817679557
240 0.0001255419012014191 0.09779559937988277 400 7.905138339920948
240 0.00012868722322644563 0.028367980348021772 500 8.680555555555555
240 0.00012156537793265183 0.031909801144945155 600 8.720930232558139
240 0.00015297771979775587 0.06610935849030082 700 8.274231678486997
250 0.00018587593862184432 0.1227420120456684 100 7.633587786259541
250 0.0001616896210713222 0.025448569566696312 200 8.438818565400842
250 0.00012759539288200497 0.042356029434100786 300 8.287292817679557
250 0.000137451872245403 0.08199244963899716 400 7.984031936127744
250 0.00012538638862136576 0.021788432163312367 500 8.771929824561404
250 0.00012636828007042274 0.023567033802378515 600 8.771929824561402
250 0.0001594930917694773 0.06442596112733222 700 8.30367734282325
260 0.00017785166732502708 0.10533955675686339 100 7.751937984496124
260 0.000135641307017849 0.022243763868403064 200 8.547008547008547
260 0.00014582355075631076 0.08389819211487706 300 8.02139037433155
260 0.0001316735179731725 0.07749974100998788 400 8.064516129032258
260 0.00011884795305422733 0.02529801249891046 500 8.849557522123893
260 0.00011027911487084238 0.02682833485668878 600 8.810572687224669
260 0.00015108729490732366 0.0724913435692682 700 8.31353919239905
270 0.00012956710419906317 0.0884455907989583 100 7.874015748031495
270 0.0001227517542047044 0.011752011984306077 200 8.658008658008658
270 0.0001924015502252859 0.1227469610917549 300 7.6923076923076925
270 0.00013306476473418867 0.06129510433466091 400 8.130081300813007
270 0.00011970847768413716 0.039331145413236616 500 8.928571428571429
270 0.00012059416848607579 0.02950896933969357 600 8.823529411764707
270 0.00017020519763676333 0.0787602807863862 700 8.264462809917354
280 0.00019431735375448944 0.0755080006019919 100 7.936507936507936
280 0.00017708489648715322 0.020410530011389108 200 8.771929824561402
280 0.00016292920781122753 0.1317872680019574 300 7.614213197969542
280 0.0001484008839424418 0.05165712082299146 400 8.213552361396303
280 0.0001309761380606618 0.04404117167654398 500 9.00900900900901
280 0.00012336671911571963 0.03515737325979598 600 8.784773060029282
280 0.00445518954392803 0.10818318274678633 700 7.803790412486064
290 0.00020398461848711104 0.062030934780789956 100 8.064516129032258
290 0.00011127811267144238 0.030003996951307024 200 8.849557522123893
290 0.00014388115240550374 0.12766166841163262 300 7.614213197969542
290 0.0001416099439168322 0.03807413376825382 400 8.281573498964802
290 0.00012224526256152948 0.05250812411233283 500 9.057971014492754
290 0.00021187897812617956 0.07800303186207828 600 8.403361344537814
300 0.00010621132321427611 0.04056790497647218 100 8.19672131147541
300 9.635721128142954e-05 0.03605922199821225 200 8.928571428571427
300 0.00010202902515697113 0.12920278268303687 300 7.633587786259541
300 0.00012085726337505687 0.03573986291103476 400 8.368200836820083
300 9.207425772573778e-05 0.0499693289078946 500 9.074410163339383
300 0.00019762283539699678 0.09376735541438745 600 8.321775312066574
310 0.00019927205978023936 0.02363448651918072 100 8.333333333333334
310 0.00013074282205770271 0.033386669039292854 200 8.88888888888889
310 0.00010868541297739738 0.12513440181770752 300 7.672634271099744
310 0.0001329016845145655 0.029244246336023533 400 8.456659619450317
310 0.00013190807114639056 0.0450143971394336 500 9.00900900900901
310 0.00018482091994209004 0.09769907185775964 600 8.310249307479223
320 0.00015808625262630864 0.01484519878779806 100 8.47457627118644
320 0.00016615360271960065 0.033078809605744504 200 8.849557522123893
320 5.620039971779628e-05 0.12115834145815889 300 7.731958762886597
320 0.00011013351446981325 0.027296285478409375 400 8.547008547008547
320 7.713642775034558e-05 0.049369813818139534 500 8.944543828264758
320 0.00019633244124858613 0.09871488956193541 600 8.321775312066574
330 6.459246137631265e-05 0.010412394741256053 100 8.620689655172413
330 7.210698580079416e-05 0.03200997886334334 200 8.849557522123893
330 5.867231759687405e-05 0.11507895608591476 300 7.772020725388601
330 0.00010581168442611207 0.019458637612367283 400 8.620689655172413
330 9.397832772600454e-05 0.05023140026441544 500 8.9126559714795
330 0.0001869057639688947 0.09834721798873446 600 8.333333333333334
340 0.00017076837434684342 0.02624233869887222 100 8.695652173913043
340 8.184131708902767e-05 0.03561967594593103 200 8.849557522123893
340 7.675073698608942e-05 0.10828893023032353 300 7.832898172323759
340 0.00011405737311212328 0.030936457005052976 400 8.714596949891066
340 8.923953567168182e-05 0.056753380342913516 500 8.9126559714795
340 0.00019702773369884396 0.09805759331133998 600 8.356545961002785
350 0.0001177158790000593 0.032990924626994524 100 8.849557522123893
350 0.00010591499545484701 0.027728247159199738 200 8.771929824561402
350 8.309587561728108e-05 0.10031993027952125 300 7.894736842105263
350 0.00013229146059558932 0.026090958585178278 400 8.810572687224669
350 0.00014079283726237078 0.052825718896120755 500 8.928571428571429
350 0.00020039167437341053 0.09591278626051014 600 8.368200836820083
360 0.0001428769451983885 0.049230510292000214 100 8.928571428571427
360 7.931913799316171e-05 0.030355442130423772 200 8.771929824561402
360 8.828725429104073e-05 0.0978822990390477 300 7.936507936507936
360 0.00010189214483593694 0.031027811689013446 400 8.88888888888889
360 0.00010930774866895039 0.05200029499961066 500 8.960573476702509
360 0.00018928355241670228 0.09723626836826975 600 8.391608391608392
370 0.00016371060043402337 0.06448806592818208 100 9.090909090909092
370 0.00016232909093994642 0.022538967714099495 200 8.73362445414847
370 0.00016075730583209552 0.08115733996312574 300 8.0
370 0.00014519074530555654 0.042882214712950846 400 8.98876404494382
370 0.00014972503753227833 0.05058558272740747 500 8.976660682226212
370 0.00019804716707632334 0.09304094378361646 600 8.403361344537814
380 0.0001875280388804522 0.08121804481445706 100 9.25925925925926
380 0.00010835708430689074 0.017257855547923612 200 8.620689655172413
380 0.00015331608964361097 0.07024769645659298 300 8.086253369272237
380 0.00013492279006977953 0.05150104727707159 400 9.070294784580499
380 0.0001419545155233378 0.047508010471480275 500 9.00900900900901
380 0.00020411919787057114 0.09180832781213177 600 8.41514726507714
390 9.675740082066702e-05 0.09648900875406959 100 9.433962264150942
390 0.0002058291835900522 0.11259228295749926 200 7.8431372549019605
390 0.00013164252494929718 0.06519288343552493 300 8.152173913043477
390 0.00012048728245257725 0.05621408974574396 400 9.174311926605505
390 0.0001289778666585 0.04703500254416178 500 9.025270758122742
390 0.00019660856666917892 0.09895737100481035 600 8.379888268156424
400 0.00011984948665445076 0.1090555430290917 100 9.615384615384615
400 0.00017930728843362648 0.16635190722787463 200 7.462686567164179
400 0.00012391240016003608 0.06194307450915348 300 8.241758241758243
400 0.00010368134694604855 0.0646462048349568 400 9.237875288683602
400 0.00011324573315464571 0.05160336615821025 500 9.00900900900901
400 0.00019216685249415206 0.11820628941504038 600 8.241758241758243
410 8.732316898002515e-05 0.11830197875745502 100 9.70873786407767
410 0.0001039445929864602 0.17595668372736767 200 7.380073800738007
410 0.00011231271018846326 0.05175010957913686 300 8.310249307479223
410 0.00010745001016144918 0.07018232617643552 400 9.30232558139535
410 0.00018293733849424908 0.0881597784644222 500 8.650519031141869
420 9.452724810845324e-05 0.11276317755492724 100 9.615384615384615
420 9.527125444289071e-05 0.17826493042149189 200 7.352941176470588
420 0.00012676184904799402 0.04043974694721592 300 8.379888268156424
420 9.057925575878193e-05 0.06881038686704158 400 9.280742459396752
420 0.00023597220705195475 0.12113044029217077 500 8.319467554076539
430 0.0001284488571647431 0.08449083611491277 100 9.345794392523363
430 9.127504803960345e-05 0.178553508006218 200 7.352941176470588
430 0.00012391946951577777 0.029561010493612202 300 8.474576271186441
430 0.0001315458636791141 0.055827280152852994 400 9.1324200913242
430 0.00023197622969303123 0.12091610811150322 500 8.278145695364238
440 3.752049547301301e-05 0.061930734359171735 100 9.090909090909092
440 5.469040841551493e-05 0.17455451231177954 200 7.380073800738007
440 0.00014022203660269474 0.019600697939009114 300 8.547008547008547
440 5.932319982764681e-05 0.05866409662255287 400 9.009009009009008
440 0.00022474056600570302 0.11761568703283229 500 8.264462809917354
450 0.00014937304925886018 0.044281194197125 100 8.928571428571427
450 0.0001258043221412738 0.16416711708024181 200 7.407407407407407
450 0.0001650795702107363 0.013597886538563676 300 8.645533141210374
450 0.00011287529017524364 0.058286158438663145 400 8.94854586129754
450 0.00023999102778757592 0.11168821486317151 500 8.264462809917354
460 0.00022230981010162585 0.01808966410788182 100 8.695652173913043
460 0.00015885664320499163 0.15416000132271962 200 7.434944237918215
460 0.00019888667454670924 0.02317113511187233 300 8.746355685131194
460 0.00019655827432141953 0.05609898889082526 400 8.928571428571427
460 0.0002595891504361433 0.10540827639343517 500 8.264462809917354
470 0.0002876725091642265 0.01805134480410371 100 8.47457627118644
470 0.00016833642936199767 0.1495222343896145 200 7.462686567164179
470 0.00016086746402588312 0.03288385483240739 300 8.823529411764707
470 0.00016728337481553476 0.05218146168255324 400 8.928571428571427
470 0.00025392108411068136 0.1023278809704002 500 8.264462809917354
480 0.00012884040273415114 0.04636993994374488 100 8.19672131147541
480 0.0001624138234534658 0.14403660593949894 200 7.518796992481203
480 0.00015536679437987193 0.04188125660500439 300 8.928571428571429
480 0.00016177509578946828 0.04624958298771817 400 8.928571428571427
480 0.00024591568739380836 0.0981989924514329 500 8.25082508250825
490 0.00013476656760570444 0.1305949100226818 100 7.575757575757575
490 0.00016964369211380643 0.13623533475867766 200 7.575757575757575
490 0.00014827804837655028 0.04807242134399653 300 9.009009009009008
490 0.00014985972407762475 0.03840074958486399 400 8.908685968819597
490 0.00024961841736636874 0.09694208585527542 500 8.223684210526315
500 0.0003933646603981696 0.3839264056644495 100 6.172839506172839
500 0.00016343082605450998 0.12574509675353537 200 7.633587786259541
500 0.00013126960593683168 0.05911880489948112 300 9.090909090909092
500 0.00014882726407819665 0.03727072344133356 400 8.869179600886918
500 0.00023985142392408845 0.10933390290790863 500 8.077544426494345
510 0.00020474243192005167 0.4352356463778429 100 5.917159763313609
510 0.00016928708827751028 0.11199209490354337 200 7.6923076923076925
510 0.00014003384619599822 0.064714060651623 300 9.146341463414632
510 0.0001502589042880414 0.06388537215922843 400 8.547008547008547
520 0.00023871006362611457 0.4429798540444373 100 5.882352941176471
520 0.00019591386357324328 0.09896427632605134 200 7.8125
520 0.00012527850128004762 0.06920159446591688 300 9.146341463414632
520 0.00030632447009758056 0.12084440686240283 400 8.048289738430583
530 0.00023868777028640594 0.4289397895876015 100 5.9523809523809526
530 0.00018419665866778955 0.08086985483109421 200 7.96812749003984
530 0.00016284700597890165 0.0629190054059487 300 9.090909090909092
530 0.00030972632867315767 0.125447464161209 400 8.016032064128256
540 0.00020357585821442965 0.4055516298129655 100 6.0606060606060606
540 0.00018625126198160345 0.060384810520475334 200 8.130081300813007
540 0.00010559141338237823 0.05793375138443486 300 8.982035928143713
540 0.0003222670909113167 0.12788284768615918 400 8.032128514056224
550 0.00011162213723478022 0.3849480965844425 100 6.134969325153374
550 0.00021106615770186512 0.03924038485484211 200 8.29875518672199
550 0.00011106860845173371 0.060176777811286435 300 8.928571428571429
550 0.0002883891149374614 0.13059564770931295 400 8.064516129032258
560 0.0001821145775386103 0.3635543194082411 100 6.25
560 0.00018449672414676778 0.02298444187991763 200 8.438818565400842
560 0.00012218038609430453 0.06425961242584842 300 8.928571428571429
560 0.0003023508731417987 0.12994920494943893 400 8.080808080808081
570 9.742854926543118e-05 0.3339992583200309 100 6.41025641025641
570 0.00018968204621768624 0.029966900150767372 200 8.658008658008658
570 0.00021195697419348477 0.06862423789697109 300 8.955223880597014
570 0.0003372412993870222 0.12715207356274955 400 8.130081300813007
580 0.000244069719573464 0.31207731912962383 100 6.5359477124183005
580 0.00019337563504719552 0.029332147499246574 200 8.849557522123893
580 0.00018795296605431902 0.07249627154187034 300 9.009009009009008
580 0.00028433061718325926 0.13453015348311062 400 8.16326530612245
590 0.00020292868876790724 0.28843873506667866 100 6.666666666666667
590 0.00014576770387848687 0.047151825883046 200 9.049773755656108
590 0.0001382151326400128 0.0755589725121979 300 9.06344410876133
590 0.00026497486724401864 0.1390076592633831 400 8.19672131147541
600 0.00019950174063783366 0.25330944711002173 100 6.84931506849315
600 0.00017836169634557122 0.07161161552749487 200 9.25925925925926
600 0.0001602308984402609 0.07541262418835491 300 9.146341463414632
600 0.00027569619824403276 0.137551616250978 400 8.23045267489712
610 0.00034100618060261054 0.20366700189343653 100 7.092198581560283
610 0.0002037628667597928 0.09959154632742051 200 9.523809523809524
610 0.00020791784852360504 0.07673669877055646 300 9.25925925925926
610 0.0003105642099511755 0.13516472755228925 400 8.281573498964802
620 0.00013050950683914412 0.15225995571509862 100 7.462686567164179
620 0.00011581215703177149 0.12779176582357787 200 9.852216748768473
620 0.0001560866161572901 0.09220841334638193 300 9.404388714733543
620 0.0003142295802533434 0.15013408155137023 400 8.368200836820083
630 0.00011699760361268551 0.084371202942909 100 7.936507936507936
630 9.095787857020818e-05 0.16384941156637178 200 10.256410256410257
630 0.00012160094130010348 0.11411458790007054 300 9.646302250803858
630 0.0002704589676821687 0.16742329977161508 400 8.492569002123142
640 0.00019348864735950703 0.020301091037494685 100 8.547008547008547
640 0.0001309154324812244 0.20031462049330917 200 10.75268817204301
640 0.00010784895186448887 0.13787818688061237 300 9.900990099009901
640 0.00024666348467369055 0.1866297101715581 400 8.620689655172413
650 0.0002450207408974163 0.06355005823587584 100 9.174311926605505
650 0.0001207837435697087 0.23477823982241386 200 11.235955056179774
650 6.470516046573153e-05 0.16011330330619192 300 10.135135135135135
650 0.0002236419971355861 0.20814697276203603 400 8.714596949891066
660 0.00025864284436354903 0.12480492114561821 100 9.80392156862745
660 0.00012621027375321872 0.26410956594003704 200 11.764705882352942
660 5.6400507970204164e-05 0.17765005964676564 300 10.344827586206897
660 0.00023168093981491172 0.22905270696310978 400 8.73362445414847
670 0.0002041191139546941 0.1771735779824541 100 10.416666666666664
670 0.00011486948875242127 0.2897334708450612 200 12.19512195121951
670 9.450490796530819e-05 0.19336685230279935 300 10.380622837370241
670 0.00025149797118889866 0.2660354891530262 400 8.492569002123142
680 0.00016117755689947711 0.21806440099483176 100 10.989010989010989
680 0.00011497611606398586 0.3066794098741185 200 12.5
680 0.00029551645219532725 0.2557302645287919 300 9.67741935483871
690 0.0001811877105733378 0.2527856304617709 100 11.494252873563218
690 9.221538591534842e-05 0.309273508446292 200 12.578616352201257
690 0.00036772768340055694 0.30499869917619693 300 9.090909090909092
700 0.00021381314696859824 0.28619621530395106 100 11.904761904761905
700 0.0002925676809424104 0.2873266428021429 200 12.048192771084336
700 0.00035583568874331594 0.3054092058412739 300 9.009009009009008
710 0.0003591655516304104 0.3155527101733071 100 12.345679012345679
710 8.405071855957643e-05 0.2822128476100843 200 11.494252873563218
710 0.00039722646973410815 0.2897661468264875 300 8.955223880597014
720 0.0004007302014665264 0.3431980100708254 100 12.82051282051282
720 0.00019748654155886177 0.272823626176831 200 11.235955056179774
720 0.00044839415088229826 0.2732174346770296 300 8.90207715133531
730 0.0003460365921321328 0.36570704745881244 100 13.333333333333334
730 0.0003243557811868621 0.2608440199920573 200 11.049723756906076
730 0.0004385647889388468 0.26352825011139025 300 8.875739644970412
740 0.00011320215838293125 0.389332978363597 100 13.6986301369863
740 0.0002127249203360719 0.24556688225318993 200 10.92896174863388
740 0.000378750159095089 0.2591684282312733 300 8.823529411764707
750 8.173178955561398e-05 0.405935730826142 100 14.08450704225352
750 0.00017164063742514406 0.22269866249649892 200 10.81081081081081
750 0.00036558055651418625 0.2483814595625887 300 8.746355685131194
760 7.514740991244386e-05 0.41471274980816325 100 14.285714285714286
760 0.00018581631266089763 0.19923882734208775 200 10.58201058201058
760 0.00039294946408691275 0.25419182950213604 300 8.42696629213483
770 0.00011208796481320413 0.4029505815726134 100 14.08450704225352
770 0.0005053402360649329 0.28819865864836647 200 8.928571428571427
780 0.0005916450144040267 0.32012641657426494 100 12.5
780 0.0005873448291725554 0.3338459544996488 200 8.032128514056224
790 9.40608822429278e-05 0.2607976257185907 100 10.416666666666664
790 0.0005592272341447693 0.30556946398419427 200 7.8125
800 0.0002866782952935057 0.20783015861116172 100 9.523809523809524
800 0.0005819914799191979 0.2732266177844644 200 7.633587786259541
810 0.0003573637373642593 0.14001612711091427 100 9.009009009009008
810 0.0005768250117987629 0.2423743696997956 200 7.462686567164179
820 0.00031458142436449545 0.08064955192913019 100 8.620689655172413
820 0.000567469367358095 0.2216408150344613 200 7.2727272727272725
830 0.00034877728441999524 0.08251212394508695 100 8.130081300813007
830 0.0006025836086298952 0.2610327043117011 200 6.8259385665529
840 0.0010871266134361408 0.32393206170066785 100 6.211180124223602
850 0.0013374376284223674 0.423784197891874 100 5.813953488372094
860 0.001695573486109595 0.44549856988113534 100 5.882352941176471
870 0.0016468499454799683 0.4296362036630812 100 6.024096385542168
880 0.0013838605305186802 0.3951508064666811 100 6.134969325153374
890 0.0011406078995659318 0.37021597959253044 100 6.211180124223602
900 0.001039479092109218 0.3581436693153139 100 6.289308176100628
910 0.0008538505286344688 0.34941626298302075 100 6.329113924050633
920 0.0008525679266982964 0.3497018772229499 100 6.329113924050633
930 0.0008397861578973189 0.3569842867972858 100 6.289308176100628
940 0.0008813253664738668 0.3818505130463394 100 6.172839506172839
950 0.00093022827940993 0.45044197091810223 100 5.882352941176471
960 0.0009068668175592111 0.5796350200274939 100 5.128205128205129
970 0.030723639268432214 0.6922339273796954 100 4.405286343612334
