0 0.00022968254871114178 0.2608019591490923 100 8.47457627118644
0 0.0006681905590172562 0.13544769369385384 200 9.433962264150942
0 0.00043451247987542354 0.09360983498488029 300 10.416666666666666
0 0.00031520666053289835 0.09342939482482691 400 10.471204188481675
0 0.00022647276980592514 0.09667418637525266 500 10.416666666666666
0 0.0001752910730728488 0.09710762037907669 600 10.416666666666666
0 0.00015554592338551274 0.10565163221431677 700 10.27900146842878
0 0.0001609912630338978 0.10760380282215488 800 10.282776349614394
10 0.0003571279086425775 0.18070882085400647 100 9.009009009009008
10 0.0007183345760672824 0.09724058968787228 200 9.75609756097561
10 0.00046224068079165134 0.08905947616425677 300 10.714285714285714
10 0.00033589648049674257 0.08362697081542964 400 10.666666666666666
10 0.00024137000276310488 0.08886240247754411 500 10.570824524312895
10 0.00018408904726145394 0.09233945343080602 600 10.544815465729348
10 0.00016686011073401306 0.10322396464753632 700 10.37037037037037
10 0.00017052479764205952 0.10515147399731432 800 10.376134889753565
20 0.00035927896819452313 0.11295937241953985 100 9.615384615384615
20 0.0007244217421541817 0.06733277053426302 200 10.0
20 0.00047294049860127743 0.08912741730455544 300 10.94890510948905
20 0.0003358540024043991 0.07479393661634609 400 10.81081081081081
20 0.0002447325605620651 0.0810517961579368 500 10.70663811563169
20 0.00018686247462860876 0.0863363499035318 600 10.657193605683835
20 0.00017091598512839945 0.09890481235243075 700 10.447761194029852
20 0.00017285260362185167 0.10072674607423208 800 10.471204188481675
30 0.0003304327613462244 0.05635737595141476 100 10.1010101010101
30 0.0007217010006555592 0.04397403863857839 200 10.256410256410257
30 0.000478866078300041 0.0900807567337694 300 11.194029850746269
30 0.0003306392802837452 0.06717130868064787 400 10.92896174863388
30 0.0002444991111532968 0.07450620111804045 500 10.822510822510822
30 0.0001881349767313512 0.0807821249173047 600 10.75268817204301
30 0.00017281405579429605 0.09443833405996502 700 10.510510510510509
30 0.00017295612756846018 0.09685167070576646 800 10.554089709762533
40 0.0003221666456857477 0.023591455631526453 100 10.638297872340425
40 0.0007342376147030227 0.028137061124370734 200 10.471204188481675
40 0.00048768460124977745 0.09247197868751708 300 11.406844106463877
40 0.0003248555963640592 0.06168762554511664 400 11.019283746556473
40 0.0002448507429266226 0.0704647281453184 500 10.917030567685588
40 0.00018899156948148254 0.07703138784421085 600 10.830324909747292
40 0.00017612809624881288 0.0911341488288069 700 10.542168674698795
40 0.00017406580006132063 0.09482882338907382 800 10.624169986719789
50 0.0002916714090031847 0.04450952237879704 100 10.989010989010989
50 0.0007301810725652766 0.023617486805312525 200 10.638297872340425
50 0.0004950281385739173 0.09394164558680237 300 11.538461538461538
50 0.00032107300646230124 0.057728050084251435 400 11.080332409972298
50 0.00023762260722602253 0.06790393743141834 500 10.989010989010989
50 0.00018859398769364925 0.07422814006799411 600 10.88929219600726
50 0.00017615506324312932 0.08790665240895816 700 10.558069381598793
50 0.00017214470852360407 0.09381308181960091 800 10.680907877169558
60 0.00030387694976045536 0.06830827029306401 100 11.363636363636363
60 0.0007377992727792919 0.03133364554211755 200 10.81081081081081
60 0.0005013433128190195 0.09374367407236321 300 11.627906976744185
60 0.00032297427714905014 0.05692742421333518 400 11.080332409972298
60 0.00023882166856570126 0.06862458443190018 500 11.013215859030836
60 0.0001913117848996145 0.07465771571403747 600 10.909090909090908
60 0.00018238363820257083 0.08714171112195478 700 10.558069381598793
60 0.0001740009224956834 0.09583015296323927 800 10.72386058981233
70 0.00042206645772803773 0.07885768136550653 100 11.494252873563218
70 0.000759825255599747 0.04506609329232096 200 10.92896174863388
70 0.0005054823261243583 0.09111401691204637 300 11.627906976744185
70 0.0003227224593745129 0.05853082059895942 400 11.080332409972298
70 0.00024375396644409653 0.07243377800061415 500 10.964912280701753
70 0.00019376295068368934 0.07729363394105984 600 10.909090909090908
70 0.0001894604620084499 0.08798661649083181 700 10.558069381598793
70 0.00017517468774771265 0.09931973912295775 800 10.767160161507404
80 0.0004942555240360921 0.08226421629808538 100 11.494252873563218
80 0.0007578680412899247 0.06234366764795194 200 11.049723756906076
80 0.0004979537139644275 0.08772819586310784 300 11.583011583011581
80 0.00032309864162711354 0.06200624296797764 400 11.049723756906076
80 0.0002411406634040584 0.07719778112282244 500 10.940919037199125
80 0.00019757056737739322 0.08118168950000282 600 10.88929219600726
80 0.00019451486239529834 0.08970335158176065 700 10.558069381598793
80 0.00017764047387342725 0.10355342070197045 800 10.79622132253711
90 0.0014739196908589338 0.0855693575886587 100 11.494252873563218
90 0.0007481445776225839 0.08010231240989583 200 11.235955056179774
90 0.0004944320648520394 0.08432369979906414 300 11.538461538461538
90 0.00032360695668693393 0.06643333207207759 400 11.049723756906076
90 0.0002432171857384758 0.081780847921668 500 10.917030567685588
90 0.00019993346598136703 0.08658871569973883 600 10.849909584086799
90 0.00020136993157696115 0.09224206344953144 700 10.558069381598793
90 0.00018096481416829448 0.10795957399951071 800 10.825439783491204
100 0.0014836873804616444 0.06332372546761147 100 11.235955056179774
100 0.000739287198099664 0.09694894625504855 200 11.428571428571429
100 0.0004870629698005587 0.08139259392822398 300 11.450381679389311
100 0.00031957818055882673 0.07105437892545816 400 11.019283746556473
100 0.00024417621849219046 0.08402049078614776 500 10.917030567685588
100 0.00020034959894346568 0.09232648657777016 600 10.771992818671453
100 0.00020411370161248102 0.09394214001054489 700 10.558069381598793
100 0.00018482052412729626 0.11040616905274041 800 10.854816824966079
110 0.0014875955406522387 0.023243377495034676 100 10.869565217391303
110 0.0007307551022917365 0.11777603400481011 200 11.560693641618496
110 0.00048006591244458116 0.08239061568778672 300 11.406844106463877
110 0.00032224176901900507 0.07753815648160024 400 11.019283746556473
110 0.00024535527404887127 0.08790255419239015 500 10.917030567685588
110 0.00020565222776085265 0.09889454514857149 600 10.695187165775401
110 0.00020673096598962002 0.09785172899961157 700 10.574018126888218
110 0.0001936472747421878 0.11305535480886278 800 10.854816824966079
120 0.0014603158974516453 0.025554267312673563 100 10.416666666666664
120 0.0007299122931335602 0.13422307889728727 200 11.695906432748536
120 0.0004666050559887446 0.08462813898786138 300 11.278195488721805
120 0.00032055192092438956 0.08393118016470068 400 11.019283746556473
120 0.00024339712465860612 0.09147288342381944 500 10.893246187363832
120 0.00020907952626236686 0.10341532804846103 600 10.600706713780918
120 0.00020658900306567502 0.10188897372008926 700 10.59001512859304
120 0.00018812700454998412 0.11423235195113782 800 10.825439783491204
130 0.0015019112538019266 0.060383123036588465 100 10.204081632653061
130 0.000764646667274656 0.15137036569573364 200 11.764705882352942
130 0.0004613148524000701 0.09089959604637612 300 11.152416356877323
130 0.00032667512803255755 0.09407326424263188 400 10.95890410958904
130 0.00025025260848463395 0.09834649070714191 500 10.845986984815617
130 0.0002177232787832504 0.11036453502623071 600 10.526315789473685
130 0.00021183711316859045 0.11056548433300344 700 10.59001512859304
130 0.00019044684937180462 0.11894081890750846 800 10.79622132253711
140 0.0015596332967813017 0.09695775345430768 100 10.1010101010101
140 0.0008056703295261032 0.16634726311502232 200 11.695906432748536
140 0.00046763762177455076 0.10014007152539907 300 11.02941176470588
140 0.000329220072858989 0.10497496335205618 400 10.92896174863388
140 0.00025693247601893 0.10606489688649202 500 10.822510822510822
140 0.00022674285106131004 0.1166559125853167 600 10.452961672473867
140 0.00021565676016822331 0.11978146446061684 700 10.606060606060606
140 0.0001947857870811338 0.12511341379624707 800 10.767160161507404
150 0.0016168630298922307 0.13057607234449714 100 10.204081632653061
150 0.0008282000448495092 0.17319710053116552 200 11.627906976744187
150 0.00047828334511121985 0.11047702910656776 300 10.909090909090908
150 0.00034020136672897145 0.11590434234959325 400 10.840108401084011
150 0.00026386119657509653 0.11412507102878856 500 10.775862068965516
150 0.0002407512663514616 0.1220943243675203 600 10.398613518197573
150 0.00022175211096674236 0.12820609984701722 700 10.638297872340425
150 0.00019750769575681886 0.13133702020622284 800 10.75268817204301
160 0.0016070553130443958 0.15662728182953992 100 10.309278350515463
160 0.0008063388606225708 0.16916315380197083 200 11.560693641618496
160 0.0004669661826894722 0.11439176996513183 300 10.869565217391305
160 0.0003412912972157998 0.12024822079957848 400 10.78167115902965
160 0.00026389895600954224 0.11512423323400454 500 10.75268817204301
160 0.0002464152187559428 0.1198251358813098 600 10.380622837370241
160 0.0002204882362946111 0.12976558435511953 700 10.670731707317072
160 0.00019642452165195625 0.13115679102985525 800 10.75268817204301
170 0.0012878744795772146 0.15700326821178165 100 10.638297872340425
170 0.000645547055004708 0.14847604975861414 200 11.494252873563218
170 0.00037874953797476375 0.0986548121357312 300 10.830324909747292
170 0.0002775353191464962 0.10112394952806451 400 10.75268817204301
170 0.00022124986610852702 0.09429840614300262 500 10.729613733905579
170 0.00020260558937306933 0.09665494081902558 600 10.380622837370241
170 0.0001829676708621845 0.11211115566232396 700 10.703363914373087
170 0.00016483518606032064 0.11172430453876558 800 10.767160161507404
180 0.00022574947042526447 0.09392125172849702 100 10.989010989010989
180 0.0001185647315230439 0.09313890685117782 200 11.428571428571429
180 0.00014948576216364902 0.033699752909927466 300 10.869565217391305
180 0.0001557886831977946 0.018079263746979022 400 10.75268817204301
180 0.00013188809448006045 0.01147628198349315 500 10.683760683760683
180 5.200907779559964e-05 0.0231330527078316 600 10.398613518197573
180 5.108081314768352e-05 0.03682601299419164 700 10.736196319018404
180 5.142316855781242e-05 0.03242171328619066 800 10.767160161507404
190 0.0002400223570503564 0.11813000054496081 100 11.494252873563218
190 0.0001191869838075324 0.08853263760701653 200 11.494252873563218
190 0.00014701470549590212 0.03505098672777172 300 10.909090909090908
190 0.0001544896232069008 0.017885665706862567 400 10.81081081081081
190 0.00013021869941926955 0.010832632797653 500 10.638297872340425
190 5.153500853182571e-05 0.02136326665780423 600 10.434782608695652
190 5.422891821209803e-05 0.03422311013254484 700 10.785824345146379
190 5.2804845104053325e-05 0.02835321066006123 800 10.75268817204301
200 0.0002359178657638606 0.14591381913271825 100 12.19512195121951
200 0.0001125793709451035 0.08673193758428695 200 11.560693641618496
200 0.00013751576412733264 0.03842189029885652 300 11.02941176470588
200 0.00015097855084584104 0.02090092127713221 400 10.869565217391303
200 0.00011932905270132556 0.01427485917245258 500 10.638297872340425
200 4.59220654384529e-05 0.020975618377172607 600 10.507880910683012
200 5.352444134777797e-05 0.03195910905312526 700 10.819165378670787
200 4.7861988399912685e-05 0.024257898919148348 800 10.72386058981233
210 0.0001979215346802183 0.17710018020540924 100 12.82051282051282
210 0.00010966545636916258 0.08777021173444652 200 11.695906432748536
210 0.0001361899658445021 0.04436440971833323 300 11.11111111111111
210 0.00014967940430954952 0.0252734573324656 400 10.92896174863388
210 0.00010118711801862388 0.016749494680911626 500 10.615711252653927
210 4.4120905403367816e-05 0.01982644692794193 600 10.56338028169014
210 4.94264058967469e-05 0.028960476663764344 700 10.852713178294573
210 4.644772585550684e-05 0.019991026088212214 800 10.7095046854083
220 0.00019771848641879006 0.20216666231586392 100 13.333333333333334
220 0.0001120106360449198 0.08596712992931563 200 11.695906432748536
220 0.00013363054612728248 0.04796364956238624 300 11.194029850746269
220 0.00015324660076659053 0.027619743544188585 400 10.989010989010989
220 8.684347786874312e-05 0.018271317642123683 500 10.59322033898305
220 4.2229412411435025e-05 0.01873830189925014 600 10.619469026548673
220 4.77455223035169e-05 0.027615238431884508 700 10.852713178294573
220 6.126742267020859e-05 0.016511881995720477 800 10.666666666666666
230 0.0001906881469145563 0.21379083346466451 100 13.6986301369863
230 0.0001348787536520821 0.08050063973003674 200 11.560693641618496
230 0.00013822368842522544 0.050287988901095974 300 11.194029850746269
230 0.00015793927849510624 0.030001519577942483 400 10.989010989010989
230 8.504869323669571e-05 0.022250675055670514 500 10.548523206751053
230 4.4907195138321716e-05 0.018584310150899473 600 10.657193605683835
230 4.908482911299738e-05 0.025196301074055946 700 10.852713178294573
230 6.549950345330967e-05 0.010649308710757081 800 10.58201058201058
240 0.00015097228579207978 0.21168221525796913 100 13.513513513513512
240 0.00013890362387364806 0.07059387208833187 200 11.428571428571429
240 0.0001535383119050942 0.04734901645825826 300 11.152416356877323
240 0.00015627105845208706 0.029909025795778203 400 10.95890410958904
240 7.228238274567609e-05 0.029018726099832113 500 10.460251046025103
240 3.9073814087585765e-05 0.022130714848608145 600 10.676156583629894
240 4.438372350807719e-05 0.02562809515889935 700 10.835913312693497
240 6.09777180235824e-05 0.00897005442274282 800 10.498687664041995
250 0.00010497173842150953 0.1895884367163958 100 13.157894736842104
250 0.0001667833258701012 0.05511908934359647 200 11.173184357541897
250 0.000165733057434098 0.03600680197429324 300 10.989010989010989
250 0.0001551293986264457 0.027285472281092807 400 10.869565217391303
250 5.710853947229631e-05 0.03511813298084771 500 10.395010395010395
250 3.590659528215149e-05 0.0271863929606056 600 10.695187165775401
250 4.1285709959108276e-05 0.02676508862981544 700 10.819165378670787
250 6.165322046781484e-05 0.010844839230791856 800 10.430247718383312
260 8.327840423052267e-05 0.1491307923514446 100 12.5
260 0.00019369941027616255 0.03332807986587038 200 10.92896174863388
260 0.00019144865644093553 0.018890333568274357 300 10.79136690647482
260 0.0001501006384329801 0.021761998913768843 400 10.75268817204301
260 4.5528863464046095e-05 0.03959899125499917 500 10.309278350515465
260 3.5103589400350235e-05 0.034562807981579 600 10.676156583629894
260 3.8696149612838716e-05 0.0297377840176279 700 10.76923076923077
260 6.133705972027783e-05 0.01270319654037788 800 10.376134889753565
270 3.0298934883232017e-05 0.09126054821245944 100 11.627906976744187
270 0.00017049766576503236 0.014603724428898986 200 10.695187165775401
270 0.00017105876897628366 0.016065389242613238 300 10.600706713780918
270 0.0001347199118083054 0.02658412141610868 400 10.526315789473685
270 2.334114342592983e-05 0.046585280422662544 500 10.245901639344261
270 2.4254967889615415e-05 0.04527334068509706 600 10.657193605683835
270 3.267009012882796e-05 0.03727174153273285 700 10.703363914373087
270 5.7134487900087064e-05 0.017851691346024663 800 10.309278350515463
280 4.746423545861577e-05 0.03180589303907575 100 10.869565217391303
280 0.00013193391572506922 0.024071582269179586 200 10.471204188481675
280 0.0001472781821491979 0.027707694274180118 300 10.452961672473867
280 0.00010854824080232711 0.044536521712926956 400 10.282776349614394
280 9.882563697337773e-06 0.054035905045614493 500 10.183299389002036
280 3.2367644363205856e-05 0.05269110573541716 600 10.600706713780918
280 2.5936694735742016e-05 0.045132447469394335 700 10.542168674698795
280 4.92216635573332e-05 0.023560502706490634 800 10.243277848911651
290 0.0001262303091079387 0.022604883336033024 100 10.416666666666664
290 0.00015853143796841344 0.039369195177123006 200 10.309278350515463
290 0.00016667143945576902 0.04076867918343366 300 10.344827586206897
290 9.228445348347215e-05 0.062445909998501165 400 10.1010101010101
290 1.5460568717200816e-05 0.060396440267971405 500 10.16260162601626
290 2.4076489750176473e-05 0.05557831419063946 600 10.526315789473685
290 3.919059222145158e-05 0.04770718939052196 700 10.385756676557863
290 5.137177495260123e-05 0.027479278659479717 800 10.19108280254777
300 0.00021788104746923268 0.0662679322123417 100 9.9009900990099
300 0.0001798048694368812 0.05229043191301115 200 10.204081632653061
300 0.00018451459365074698 0.05168322788538289 300 10.273972602739725
300 9.581470835904975e-05 0.07599550410397655 400 9.950248756218905
300 2.161531581993149e-05 0.06314354488536471 500 10.16260162601626
300 2.5643204724585546e-05 0.05502116111670544 600 10.471204188481675
300 4.714139839372545e-05 0.044284521299422265 700 10.248901903367496
300 5.6626759497208156e-05 0.029669149778707764 800 10.139416983523446
310 0.0002815005710975166 0.09358753349435356 100 9.70873786407767
310 0.00023083214408707776 0.061420133231067826 200 10.15228426395939
310 0.00020238365684609628 0.059893058774475566 300 10.238907849829351
310 9.727295671709311e-05 0.08516782055424278 400 9.876543209876543
310 3.3371667105991836e-05 0.0637520121994223 500 10.204081632653061
310 2.7459590430485505e-05 0.05333959115188667 600 10.452961672473867
310 4.8224212670201834e-05 0.04019199294612572 700 10.15965166908563
310 5.9577545702121615e-05 0.03176397119377115 800 10.050251256281406
320 0.0003247546488387985 0.10520514431703473 100 9.615384615384615
320 0.00023085076002355123 0.06636983951550973 200 10.1010101010101
320 0.00020126597567133493 0.06225228857392762 300 10.238907849829351
320 7.555521601849095e-05 0.0879363117476 400 9.828009828009828
320 3.115414402057262e-05 0.06299514919294541 500 10.245901639344261
320 3.3986420851663715e-05 0.051869101156221745 600 10.452961672473867
320 5.2195844594518154e-05 0.037639459592378584 700 10.115606936416185
320 6.274777409436807e-05 0.031463115284292714 800 9.9626400996264
330 0.0003220504415928214 0.10939137195616187 100 9.523809523809524
330 0.00027164966279533847 0.06731349256695324 200 10.050251256281406
330 0.00019545961971321324 0.060702105689857004 300 10.238907849829351
330 4.990053146684435e-05 0.08621054204173205 400 9.852216748768473
330 2.9922633235910572e-05 0.062039451012222545 500 10.309278350515465
330 3.595964246433014e-05 0.05041248223661615 600 10.489510489510488
330 5.9276905640500906e-05 0.03568961031649044 700 10.115606936416185
330 6.69819679032756e-05 0.028911207508111977 800 9.925558312655086
340 0.00032331418425954805 0.10577883051294636 100 9.615384615384615
340 0.0002593061772614452 0.06559202100768442 200 10.0
340 0.00017855587275704835 0.05735728170862541 300 10.238907849829351
340 3.798667555423287e-05 0.08248805668026989 400 9.852216748768473
340 2.6008982042624885e-05 0.06228936486623285 500 10.373443983402488
340 3.5057178994647636e-05 0.05013543188318957 600 10.507880910683012
340 5.931920284362622e-05 0.034087241430959044 700 10.115606936416185
340 6.703523838602499e-05 0.026841557102290053 800 9.913258983890954
350 0.00031080157918717254 0.09657439969218089 100 9.70873786407767
350 0.00024318740988724853 0.061502907900995885 200 10.050251256281406
350 0.00017001081168943307 0.05538071960258193 300 10.204081632653061
350 2.4842386745313238e-05 0.07864440484636483 400 9.9009900990099
350 2.39067547945652e-05 0.06347244161527105 500 10.4384133611691
350 3.785893461198255e-05 0.051203514154352626 600 10.526315789473685
350 6.496264032169987e-05 0.032445368340567125 700 10.130246020260492
350 7.02377412644405e-05 0.025152680102805115 800 9.925558312655086
360 0.0002810298054599848 0.08607141367999567 100 9.80392156862745
360 0.00022876406905936191 0.05722781274969942 200 10.1010101010101
360 0.00016168796207281254 0.05857937749606998 300 10.135135135135135
360 2.0266141352245317e-05 0.07575578720381142 400 9.950248756218905
360 3.190829617721333e-05 0.06501802693985692 500 10.482180293501047
360 3.571225788219203e-05 0.05376766338351856 600 10.507880910683012
360 6.183143725210148e-05 0.03106915688486898 700 10.130246020260492
360 7.178712896633058e-05 0.024315102941983975 800 9.937888198757763
370 0.00024060167697336553 0.07427365781251578 100 9.9009900990099
370 0.00021265528554154672 0.052520496964092465 200 10.15228426395939
370 0.00013959240351333292 0.06549129545286206 300 10.03344481605351
370 1.5367199913127726e-05 0.0729329954757099 400 10.0
370 4.7792987984917286e-05 0.066195577065897 500 10.526315789473685
370 3.63778702454473e-05 0.0561330011253834 600 10.452961672473867
370 6.0799970737544505e-05 0.0299757666424912 700 10.130246020260492
370 7.006303442095473e-05 0.023529693621797063 800 9.950248756218905
380 0.0002143585858851667 0.060236080617154374 100 10.0
380 0.0001996210549829892 0.047656761776508426 200 10.204081632653061
380 0.00010274168804003597 0.07160511248458012 300 9.966777408637872
380 2.19892090890341e-05 0.07060391097770395 400 10.050251256281406
380 4.9584578006094097e-05 0.06669871139632134 500 10.526315789473685
380 4.305814316759974e-05 0.055788875443703624 600 10.380622837370241
380 6.423967129947816e-05 0.028899610136395516 700 10.144927536231885
380 6.801930979570287e-05 0.02281166721132474 800 9.9626400996264
390 0.00019455381007699515 0.04537866648824371 100 10.204081632653061
390 0.00020024623375261623 0.04164933716351421 200 10.309278350515463
390 7.659874063649525e-05 0.07527127657349729 300 9.933774834437084
390 2.8830574790873897e-05 0.06890933887719006 400 10.1010101010101
390 4.948028642030357e-05 0.06699258736536474 500 10.526315789473685
390 6.463249348150865e-05 0.05303949374556728 600 10.344827586206897
390 6.963820945418962e-05 0.027533840884163375 700 10.144927536231885
390 7.128056197287761e-05 0.022164884893057537 800 9.975062344139651
400 0.00015327366832533834 0.029171594321777322 100 10.309278350515463
400 0.00018384806512202205 0.03417852832006883 200 10.362694300518134
400 5.582068968975871e-05 0.07778022880892536 300 9.900990099009901
400 3.909893685354566e-05 0.06817256006420905 400 10.204081632653061
400 5.3526155515514124e-05 0.06801747179935096 500 10.548523206751053
400 7.464037816093326e-05 0.046633818896399525 600 10.273972602739725
400 7.742706301492672e-05 0.025883573171825672 700 10.144927536231885
400 7.499672601701879e-05 0.02132264239518639 800 10.0
410 0.00019198683758851596 0.017660335734287883 100 10.416666666666664
410 0.00018289262304579745 0.029847823192559127 200 10.471204188481675
410 4.5087820134837264e-05 0.0798171625887936 300 9.900990099009901
410 3.6328451768558965e-05 0.06890490076559885 400 10.282776349614394
410 5.558948019637717e-05 0.06792166252039106 500 10.570824524312895
410 7.53062998420493e-05 0.0391199616466747 600 10.221465076660987
410 8.258649444797417e-05 0.022910597019073553 700 10.101010101010102
410 7.688059788191301e-05 0.02131208660354776 800 10.025062656641603
420 0.00016505362570054142 0.012505731654678956 100 10.526315789473685
420 0.00015869695595258884 0.025255544765912588 200 10.471204188481675
420 7.69290306105107e-06 0.07924067446072841 300 9.868421052631579
420 4.773399483935303e-05 0.07008267217721295 400 10.362694300518134
420 6.209003208746761e-05 0.0673469401695216 500 10.615711252653927
420 8.308223521697556e-05 0.03371501564555651 600 10.186757215619693
420 8.208572329091521e-05 0.01956649759287079 700 10.014306151645206
420 7.884536782474459e-05 0.021619674444429127 800 10.062893081761006
430 0.00022487083242300133 0.01586048301047169 100 10.416666666666664
430 0.00014583044712212866 0.022212478035601547 200 10.526315789473685
430 3.1445639457055484e-05 0.07687022743432198 300 9.868421052631579
430 4.7845790204536035e-05 0.07266381281618686 400 10.443864229765012
430 6.425283190663231e-05 0.06711765415800643 500 10.638297872340425
430 8.687659065262227e-05 0.031235649080170073 600 10.186757215619693
430 8.739538110228268e-05 0.017503987260132307 700 9.97150997150997
430 7.87208567313119e-05 0.022454518264443727 800 10.088272383354349
440 0.00020812421765796466 0.024783560846907905 100 10.309278350515463
440 0.00011496356439772999 0.02044200662309438 200 10.526315789473685
440 5.5925956886568955e-05 0.07377704452762632 300 9.900990099009901
440 6.50350395333479e-05 0.07574521397384547 400 10.526315789473685
440 7.503500220753209e-05 0.06709747681501596 500 10.683760683760683
440 9.178767625453733e-05 0.029959979866614674 600 10.186757215619693
440 9.051559824457348e-05 0.01783858218349974 700 9.943181818181817
440 7.851019517596363e-05 0.02364121034990401 800 10.126582278481013
450 0.00018700872847782205 0.0314092558861332 100 10.309278350515463
450 0.00010347928627358667 0.027792704050627656 200 10.416666666666664
450 7.272973685904099e-05 0.07286413918599095 300 9.933774834437084
450 7.145639366342823e-05 0.08034287060536291 400 10.58201058201058
450 7.854080600032329e-05 0.06807103892195544 500 10.683760683760683
450 9.359275312073839e-05 0.029674559006699783 600 10.186757215619693
450 9.31254938881892e-05 0.018950381511886483 700 9.943181818181817
450 7.594475941277706e-05 0.02547269646328446 800 10.15228426395939
460 0.0001812218711829592 0.030834760100792908 100 10.309278350515463
460 0.0001027359339823943 0.04512842202892095 200 10.256410256410257
460 7.972778853458836e-05 0.07408738992113789 300 9.933774834437084
460 8.333236764932068e-05 0.08456860521662043 400 10.638297872340425
460 7.456945317142978e-05 0.07012414035322913 500 10.638297872340425
460 9.293327169342958e-05 0.029262162684539253 600 10.169491525423728
460 9.558722220090364e-05 0.019433038155988555 700 9.943181818181817
460 7.696891441715972e-05 0.027487303743187596 800 10.178117048346055
470 0.00019487761569715676 0.03067213774194539 100 10.309278350515463
470 9.530502759805361e-05 0.0662967111495037 200 10.050251256281406
470 7.626287145936609e-05 0.0771438230144458 300 9.966777408637872
470 0.00010047805374505078 0.08691701432407635 400 10.638297872340425
470 7.000177309120674e-05 0.07042018570692983 500 10.526315789473685
470 8.925611750629282e-05 0.02920127560184308 600 10.152284263959391
470 9.426157082096669e-05 0.020191918537108503 700 9.929078014184396
470 7.725450980056888e-05 0.03025519732623002 800 10.204081632653061
480 0.000218305821501807 0.03420844645232242 100 10.309278350515463
480 4.573470826936433e-05 0.08409529897097298 200 9.852216748768473
480 8.397681064253194e-05 0.08118840093435709 300 10.0
480 9.47463677494517e-05 0.08738182185484793 400 10.610079575596815
480 7.585639014369144e-05 0.06773777893964546 500 10.416666666666666
480 9.207450699424365e-05 0.02946251744527874 600 10.135135135135135
480 9.022578095744747e-05 0.021164848583418088 700 9.929078014184396
480 7.786440533074572e-05 0.033478623861898996 800 10.243277848911651
490 0.00022154152471613525 0.035417172734168674 100 10.204081632653061
490 1.2721544455025085e-05 0.09718067697249412 200 9.70873786407767
490 9.098531525931146e-05 0.08575957283281951 300 10.06711409395973
490 9.567630942472999e-05 0.08853660069209685 400 10.58201058201058
490 0.00010076846535104078 0.06234773791194152 500 10.309278350515465
490 9.594612040185985e-05 0.029789024650592775 600 10.1010101010101
490 9.259856658913074e-05 0.022004384746486978 700 9.929078014184396
490 7.852708416555039e-05 0.03741139979267791 800 10.269576379974325
500 0.00021005549589534023 0.03597259284840912 100 10.309278350515463
500 1.1406241852705383e-05 0.10766144949105495 200 9.615384615384615
500 9.42988100905426e-05 0.09086186548314756 300 10.135135135135135
500 9.921063151554489e-05 0.08970403595024239 400 10.58201058201058
500 0.00010457785940721195 0.05283298175404355 500 10.183299389002036
500 0.00010362389250295887 0.02810514602066394 600 10.050251256281406
500 9.358803925283117e-05 0.02310859085816478 700 9.943181818181817
500 7.832517789405029e-05 0.040856943054380895 800 10.309278350515463
510 0.00016844799117956964 0.032032690114431765 100 10.309278350515463
510 6.183843648142553e-05 0.1116378434791189 200 9.523809523809524
510 0.00010625916484277608 0.09643040911190395 300 10.204081632653061
510 0.00010447843167570881 0.09137699769313988 400 10.58201058201058
510 0.00011394374922372096 0.04658585693550844 500 10.1010101010101
510 0.00010417695204230324 0.0248001268716034 600 9.950248756218905
510 9.722756696721586e-05 0.024798939124864267 700 9.97150997150997
510 8.129272749188593e-05 0.045193253041192746 800 10.335917312661499
520 0.00014774293224498357 0.02326170107932969 100 10.416666666666664
520 9.500188498677972e-05 0.10784760089677228 200 9.523809523809524
520 0.0001082109629885868 0.09639888700796793 300 10.344827586206897
520 0.0001075887679077548 0.08805372452192226 400 10.638297872340425
520 0.00011609940453005573 0.040557947395589315 500 10.1010101010101
520 0.0001084809352815238 0.020826714226446906 600 9.884678747940692
520 9.720501852475207e-05 0.02636220158404389 700 10.0
520 8.048976201170227e-05 0.0467086344341371 800 10.38961038961039
530 5.067062265110142e-05 0.01149882442890515 100 10.526315789473685
530 0.0001812084927818963 0.1001452174188348 200 9.56937799043062
530 0.0001387419471022838 0.09896503980100028 300 10.452961672473867
530 0.00012302297970626184 0.08728421681205362 400 10.695187165775401
530 0.00012213795981533 0.03954473373670765 500 10.12145748987854
530 0.000113264394502381 0.02394191298865299 600 9.852216748768472
530 9.680831511929258e-05 0.03026879079148888 700 10.043041606886657
530 8.131834354573495e-05 0.05009858057737697 800 10.443864229765012
540 2.3625004892821542e-05 0.01115057728187949 100 10.526315789473685
540 0.00018850565069837306 0.09471682319048108 200 9.661835748792269
540 0.0001478514937841197 0.1014324608022864 300 10.56338028169014
540 0.0001354526840569819 0.08562362540266852 400 10.75268817204301
540 0.00012984546188923206 0.03738693733501243 500 10.12145748987854
540 0.00011891064588088865 0.025010736819015954 600 9.852216748768472
540 9.882386059841373e-05 0.0320994855485587 700 10.086455331412102
540 8.507200726797852e-05 0.053185123814379356 800 10.484927916120578
550 4.167311627880362e-05 0.03252992464193059 100 10.309278350515463
550 0.00020130336510741417 0.09437008218929605 200 9.70873786407767
550 0.00014590839218462417 0.10519485665518828 300 10.676156583629894
550 0.00013420211428464353 0.08545577113133912 400 10.75268817204301
550 0.00013099536781739532 0.03586043302350532 500 10.12145748987854
550 0.00012162606286756814 0.02625977320344307 600 9.868421052631579
550 9.957764533590388e-05 0.03383160156497408 700 10.130246020260492
550 8.514789120750787e-05 0.05588339798465351 800 10.526315789473685
560 3.8777704440385505e-05 0.07798382034066548 100 9.80392156862745
560 0.00020152489271815153 0.0989728937075975 200 9.70873786407767
560 0.00016470990377921905 0.11081777821075135 300 10.714285714285714
560 0.00011150292188416932 0.0878985174768236 400 10.638297872340425
560 0.00012462730391969753 0.03547482814658903 500 10.1010101010101
560 0.00012116133313011263 0.027043951097697104 600 9.852216748768472
560 9.837327085098296e-05 0.03610135690073715 700 10.15965166908563
560 8.570359673776768e-05 0.05930171333594994 800 10.554089709762533
570 3.6785225108331235e-05 0.11426853976311327 100 9.523809523809524
570 0.00020064648415811593 0.1047119081204883 200 9.75609756097561
570 0.00017909438253149512 0.11323244726682037 300 10.676156583629894
570 0.000119250993718253 0.08634269487734234 400 10.498687664041995
570 0.00012300954033015834 0.035869258141197465 500 10.080645161290322
570 0.00011834639525842516 0.02812352469889707 600 9.852216748768472
570 9.625514071686082e-05 0.03920523574803749 700 10.189228529839884
570 8.63564252794738e-05 0.06267553412105135 800 10.596026490066226
580 0.00014632784227052695 0.14187677652286226 100 9.25925925925926
580 0.00021342915757557372 0.11174228401618698 200 9.852216748768473
580 0.00016868127236982977 0.11542517150351711 300 10.676156583629894
580 0.00013909862832216688 0.08307231401800802 400 10.362694300518134
580 0.00012512248193452313 0.03731243060732413 500 10.060362173038229
580 0.00011561553889160127 0.02939369681482378 600 9.852216748768472
580 9.861484676901678e-05 0.042814274005386156 700 10.23391812865497
580 8.894122564063853e-05 0.06681911931630422 800 10.624169986719789
590 0.0002027216793873184 0.1670157800346317 100 9.009009009009008
590 0.00022527873833807496 0.12040764631659688 200 9.950248756218905
590 0.00017222406738985835 0.11735395073784437 300 10.638297872340425
590 0.00014896054169505875 0.07264698567850418 400 10.204081632653061
590 0.0001304703696926685 0.03747959965949724 500 10.020040080160319
590 0.00011672995064966813 0.030989757720073764 600 9.852216748768472
590 9.834970233891205e-05 0.04693507026674657 700 10.263929618768328
590 8.884764412733742e-05 0.07065641463353041 800 10.652463382157123
600 0.00024227649160417545 0.18563182503047865 100 8.849557522123893
600 0.0002240817224139042 0.1303503221034506 200 10.050251256281406
600 0.00017653231055190038 0.119556234896774 300 10.600706713780918
600 0.000153606391464272 0.06182790961532321 400 10.075566750629722
600 0.00013479006828316377 0.03407805502332906 500 9.92063492063492
600 0.00011802796075766978 0.03195046417119531 600 9.868421052631579
600 9.817057759754538e-05 0.05086989865470635 700 10.294117647058824
600 8.950012227518432e-05 0.07377154095160027 800 10.695187165775401
610 0.0003043354039636562 0.1940833240634455 100 8.695652173913043
610 0.00022500249817258183 0.13880934242749648 200 10.15228426395939
610 0.00017463896963379415 0.11934506233320173 300 10.638297872340425
610 0.00016087342394686694 0.05428767722196696 400 10.0
610 0.0001340817229833448 0.029393172221447467 500 9.803921568627452
610 0.0001208402879459178 0.03296676789106161 600 9.900990099009901
610 9.91359876910117e-05 0.05406567928016891 700 10.3397341211226
610 9.236149194839343e-05 0.07705896454454156 800 10.72386058981233
620 0.0003900103904778799 0.19267722242245913 100 8.695652173913043
620 0.00022450037123958967 0.14461913370006008 200 10.309278350515463
620 0.00017445379702281627 0.11772787315650879 300 10.676156583629894
620 0.00016371407525083827 0.051060327478438826 400 10.0
620 0.00014064512223715332 0.028451128498324006 500 9.727626459143968
620 0.00012055282491112174 0.03535280352991376 600 9.933774834437084
620 9.859313530434188e-05 0.05762521666779979 700 10.385756676557863
620 9.267312157483418e-05 0.08007440135554456 800 10.767160161507404
630 0.0003821508728045628 0.18595380492783434 100 8.771929824561402
630 0.00022736786288994908 0.14717031164741226 200 10.471204188481675
630 0.00018279741603813927 0.11352696018783047 300 10.75268817204301
630 0.00016425324947520894 0.0471377558546477 400 10.0
630 0.00014502849375231565 0.029638344897645594 500 9.70873786407767
630 0.00011964429062012066 0.037232529245201436 600 9.983361064891847
630 9.834481545506535e-05 0.060070644371450314 700 10.447761194029852
630 9.378993909394844e-05 0.08262152836799523 800 10.81081081081081
640 0.000408527723766547 0.17516062067502222 100 8.928571428571427
640 0.00022980246631376322 0.1474138763406429 200 10.638297872340425
640 0.00018247267275739183 0.10905514939931286 300 10.830324909747292
640 0.0001650427390192137 0.04373519208676993 400 10.025062656641603
640 0.00014563906180456245 0.03282141548716938 500 9.727626459143968
640 0.00011596270535088521 0.03985830586854313 600 10.03344481605351
640 9.764937055163835e-05 0.06297127826356387 700 10.494752623688155
640 9.231288454608215e-05 0.0846727104288072 800 10.869565217391303
650 0.0004314140146109793 0.156773675005558 100 9.174311926605505
650 0.00024344579344365852 0.14105117023196523 200 10.869565217391303
650 0.00017925878134514273 0.10248321683094279 300 10.869565217391305
650 0.00016245867323173805 0.03920624931874376 400 10.075566750629722
650 0.00014522716489425892 0.03749993797781921 500 9.765625
650 0.00011592111519744896 0.042982398128454335 600 10.1010101010101
650 9.72745589647428e-05 0.0648070735130392 700 10.574018126888218
650 9.268728983802159e-05 0.08658350743657582 800 10.92896174863388
660 0.00041636067131826536 0.13536544481526352 100 9.433962264150942
660 0.0002496120625907042 0.1309241113554783 200 11.11111111111111
660 0.00014861183851189554 0.09407573641738078 300 10.869565217391305
660 0.00015609605635478108 0.03352197198425594 400 10.126582278481013
660 0.00014514060875522292 0.04151237879653306 500 9.823182711198427
660 0.00011479978247577352 0.0449152974403959 600 10.186757215619693
660 9.784552127453113e-05 0.06611245616293648 700 10.638297872340425
660 9.239879997697273e-05 0.08733110040286567 800 11.004126547455295
670 0.00038364189111174884 0.11027756857746233 100 9.80392156862745
670 0.0002640527407265017 0.11884312157776074 200 11.299435028248588
670 0.00014893445777562145 0.08097941090454644 300 10.830324909747292
670 0.00014937797799630638 0.027846808263913475 400 10.178117048346055
670 0.00013972048976409717 0.045865929302889304 500 9.881422924901186
670 0.00011135207633493447 0.045966691483324794 600 10.256410256410257
670 9.49814067856201e-05 0.06538826248528616 700 10.719754977029098
670 9.076217457229902e-05 0.08716112379640714 800 11.065006915629322
680 0.0003328227237044991 0.08649010507774646 100 10.1010101010101
680 0.00022770745095695096 0.10708199507640914 200 11.363636363636363
680 0.00014241450318566815 0.06542194283301644 300 10.79136690647482
680 0.00014568690639533968 0.021680594183126577 400 10.230179028132993
680 0.0001326313806121577 0.048780662720867896 500 9.92063492063492
680 0.00010887178148175826 0.04475006491014677 600 10.344827586206897
680 9.668549374580093e-05 0.06341612414275699 700 10.785824345146379
680 8.827506578985932e-05 0.08532961067973124 800 11.142061281337048
690 0.00030579475534639857 0.06979722142226098 100 10.526315789473685
690 0.00020666516639008853 0.09935416072414988 200 11.494252873563218
690 0.00017093740161373548 0.04936014283613013 300 10.714285714285714
690 0.00014586524106061463 0.01962817249718328 400 10.256410256410257
690 0.0001312978746602294 0.05092280027327953 500 9.9601593625498
690 0.00010718200598884208 0.04408104756748761 600 10.416666666666666
690 9.860723608994603e-05 0.062033211075664514 700 10.852713178294573
690 8.752108465666276e-05 0.0846950335335051 800 11.204481792717086
700 0.0002986565112504165 0.06853840831341121 100 10.869565217391303
700 0.00019451887909946398 0.09620221832325494 200 11.560693641618496
700 0.00017241162424257668 0.02817835546149976 300 10.600706713780918
700 0.0001497132261134461 0.022061616612511367 400 10.282776349614394
700 0.00013012987807081765 0.052897061306319555 500 10.020040080160319
700 0.00010500623238436223 0.0435633426982433 600 10.489510489510488
700 9.665013371217214e-05 0.06082465710590224 700 10.920436817472698
700 8.502748742088462e-05 0.08424861050832694 800 11.267605633802816
710 0.00025622289506994895 0.08442996998403697 100 11.363636363636363
710 0.00019865079533146237 0.09734862373575044 200 11.695906432748536
710 0.0001701028261916839 0.00883225224773524 300 10.526315789473685
710 0.00015365738336008282 0.031332000656578395 400 10.230179028132993
710 0.0001297669951528932 0.053098025819767816 500 10.080645161290322
710 0.0001020427337232847 0.04198731979417562 600 10.56338028169014
710 9.768069999815564e-05 0.0591697170871535 700 10.989010989010989
710 8.188300055902548e-05 0.08362584628053968 800 11.331444759206798
720 0.00020842314822811897 0.11326820553295719 100 11.764705882352942
720 0.0001654716364095812 0.10113276998998638 200 11.834319526627217
720 0.00016474390475330607 0.0077767557771990115 300 10.489510489510488
720 0.0001434524662881332 0.047197808224627075 400 10.126582278481013
720 0.00012591425458740357 0.05204295670539406 500 10.12145748987854
720 9.852503589020705e-05 0.03959030696126917 600 10.619469026548673
720 9.590888624759426e-05 0.05744648151433856 700 11.041009463722396
720 7.66689696303894e-05 0.08256233485548183 800 11.396011396011396
730 0.00014057638656437142 0.14240918662517468 100 12.19512195121951
730 0.00013975013204890437 0.10515669782797926 200 11.904761904761905
730 0.00016162109386734654 0.017277991660497087 300 10.452961672473867
730 0.00014511840575756905 0.06174186538331788 400 10.0
730 0.00011997085901386624 0.05073380813485926 500 10.183299389002036
730 9.344473662157723e-05 0.03745042403918394 600 10.695187165775401
730 9.33482701190482e-05 0.05671009366214876 700 11.09350237717908
730 7.380237588631343e-05 0.08275214606869467 800 11.444921316165951
740 9.382891882192701e-05 0.16660940773150565 100 12.658227848101266
740 0.00010874637212098399 0.10763056506933678 200 11.976047904191617
740 0.0001530807912897551 0.022318979812028045 300 10.416666666666666
740 0.00014198021735118414 0.0691733993953934 400 9.950248756218905
740 0.00011194735465829944 0.04854902741530035 500 10.224948875255622
740 8.876138771941293e-05 0.03690257793435065 600 10.73345259391771
740 8.926801310384151e-05 0.05736594036101665 700 11.146496815286623
740 6.967728220293942e-05 0.08398494273703828 800 11.494252873563218
750 9.051733050639332e-05 0.18708664402450664 100 12.987012987012987
750 0.00010818453346500841 0.10635091808289389 200 11.976047904191617
750 0.000148985909055466 0.025271632257513672 300 10.416666666666666
750 0.00013828463266216047 0.07290641115474956 400 9.925558312655086
750 0.00010161184925837462 0.046548451434360885 500 10.266940451745379
750 8.553876891771637e-05 0.03830681595333223 600 10.79136690647482
750 8.603890403776412e-05 0.06051896665091879 700 11.182108626198083
750 6.593471569107404e-05 0.08671055451758881 800 11.544011544011545
760 0.00011803000602409026 0.19997695919255815 100 13.157894736842104
760 9.240730312500223e-05 0.09677213709421155 200 11.834319526627217
760 0.00013638408538836123 0.02962915246949649 300 10.344827586206897
760 0.0001353722947755269 0.07578323559991357 400 9.9009900990099
760 9.597419563462882e-05 0.044895756620223 500 10.288065843621398
760 8.351238615756989e-05 0.04062826832970771 600 10.830324909747292
760 8.234186416757764e-05 0.06409952183944283 700 11.217948717948717
760 6.306328102326528e-05 0.09028442844011275 800 11.577424023154846
770 0.00020132436050410076 0.19166899995822143 100 12.987012987012987
770 8.595934666542047e-05 0.07018826646281312 200 11.363636363636363
770 0.00012536209705838185 0.034058520142851184 300 10.273972602739725
770 0.00012705894069900092 0.078167525740098 400 9.852216748768473
770 9.488849064950347e-05 0.04486693012181384 500 10.330578512396693
770 8.074415097646264e-05 0.045750410954463284 600 10.849909584086799
770 8.083756418596176e-05 0.06963927262199013 700 11.254019292604502
770 6.379210675712769e-05 0.09534295230519085 800 11.611030478955007
780 0.0001445421862784697 0.16394582777587058 100 12.658227848101266
780 0.00011075652133027155 0.037419023618920126 200 10.92896174863388
780 0.00012602088770392972 0.041127650881156254 300 10.169491525423728
780 0.00011634229472772891 0.0805473143511069 400 9.828009828009828
780 9.463678966135858e-05 0.0465939924235001 500 10.351966873706003
780 8.889788321674594e-05 0.051476042699425247 600 10.869565217391305
780 7.756467149214955e-05 0.07606101381220855 700 11.272141706924316
780 8.338309693204862e-05 0.10081910582763136 800 11.627906976744187
790 0.00012309123332074188 0.12937826079465098 100 12.048192771084336
790 0.0001460652621679161 0.01777135673748424 200 10.416666666666664
790 0.00013968027899284078 0.0533257672329774 300 10.03344481605351
790 0.00011737493858273195 0.08281265971432376 400 9.779951100244498
790 9.023601263627352e-05 0.05126243845540945 500 10.373443983402488
790 8.863679810413424e-05 0.058419943295960855 600 10.88929219600726
790 7.463339777667731e-05 0.08340177973963989 700 11.290322580645162
790 8.916024828558006e-05 0.10633578520781897 800 11.644832605531295
800 0.00015538934229288525 0.09746751062079065 100 11.764705882352942
800 0.00016574084369563616 0.05199365209781463 200 9.950248756218905
800 0.00015000890668168804 0.08420115444932887 300 9.74025974025974
800 0.00012575901039676822 0.08522778993001885 400 9.75609756097561
800 9.243237290630265e-05 0.058759454788409694 500 10.373443983402488
800 9.458138520011996e-05 0.06730517283859695 600 10.88929219600726
800 7.197756799502048e-05 0.09192095350993386 700 11.308562197092083
800 9.533710166339739e-05 0.11150621617112239 800 11.611030478955007
810 0.00015641010771393093 0.06870820073991768 100 11.363636363636363
810 0.00019088046443933602 0.07715826326765277 200 9.661835748792269
810 0.00016406397582607385 0.11468309092919124 300 9.404388714733543
810 0.00012738303484564992 0.08844156655098373 400 9.732360097323602
810 9.447734280077305e-05 0.06685812730958464 500 10.395010395010395
810 9.660333918758749e-05 0.07638591831120141 600 10.88929219600726
810 7.308587181020848e-05 0.10083828300107076 700 11.308562197092083
810 9.652648530108506e-05 0.10985030000333917 800 11.510791366906474
820 0.0001373453052933662 0.04303252482319042 100 11.11111111111111
820 0.000187056090352392 0.09583017770225323 200 9.47867298578199
820 0.0001614200099894687 0.1295513019765482 300 9.202453987730062
820 0.0001180917427825587 0.09222633031828022 400 9.70873786407767
820 9.140041508696061e-05 0.07480714628753878 500 10.395010395010395
820 9.279335267079729e-05 0.08465479611194379 600 10.909090909090908
820 6.935831076364305e-05 0.10853784302654444 700 11.326860841423947
820 8.515634885603192e-05 0.09959390398773282 800 11.267605633802816
830 0.00014734619737198092 0.013469098767256776 100 10.75268817204301
830 0.0001923277494752236 0.11254187177494901 200 9.345794392523363
830 0.0001649623734540016 0.13879047497599364 300 9.118541033434651
830 0.00011300670612838845 0.09651197319098712 400 9.732360097323602
830 9.235730410738791e-05 0.08208164174727597 500 10.416666666666666
830 9.161541158880478e-05 0.09347931472807894 600 10.909090909090908
830 6.767772259574216e-05 0.1160925216522776 700 11.345218800648297
830 9.302665081920251e-05 0.1021979791900437 800 11.11111111111111
840 9.828754397873063e-05 0.04185262096410642 100 10.204081632653061
840 0.00014845363036921418 0.12520073793770384 200 9.25925925925926
840 0.00014476004940326828 0.14455014080860723 300 9.090909090909092
840 9.793505151843389e-05 0.09785052957437358 400 9.75609756097561
840 8.294310219046951e-05 0.08504240648621597 500 10.4384133611691
840 8.307018989172926e-05 0.09770455354721866 600 10.94890510948905
840 6.1107024845203e-05 0.12009958717954508 700 11.382113821138212
840 9.387164455511377e-05 0.10231629007145646 800 11.03448275862069
850 7.108828164559226e-05 0.09123709436108922 100 9.70873786407767
850 0.0001287765359874779 0.12890514243657372 200 9.216589861751151
850 0.00012440743947076755 0.14504423103931657 300 9.090909090909092
850 9.132760544297465e-05 0.09570427483589498 400 9.80392156862745
850 8.050737403831033e-05 0.08500336252902291 500 10.504201680672269
850 7.643974890038667e-05 0.09998181668854032 600 11.009174311926605
850 6.908677280707636e-05 0.12298074258071454 700 11.419249592169656
850 8.775977786437968e-05 0.10303503211747495 800 10.973936899862824
860 0.00014185273680638073 0.12139856827067952 100 9.433962264150942
860 0.0001532608622611281 0.12989629808964562 200 9.216589861751151
860 0.0001302290976598279 0.14370562786875954 300 9.118541033434651
860 0.00010000491233422908 0.09564827605724484 400 9.9009900990099
860 9.48101179069849e-05 0.08817780755343832 500 10.570824524312895
860 7.996142218623889e-05 0.1055201987998653 600 11.07011070110701
860 9.283187777812039e-05 0.12744108122073522 700 11.494252873563218
870 0.00021954109369859225 0.15765336466134752 100 9.009009009009008
870 0.0001774206394156043 0.134896641248238 200 9.174311926605505
870 0.0001333891721215753 0.14176853381125837 300 9.146341463414632
870 9.924232750777635e-05 0.09490441580053055 400 9.975062344139651
870 9.592154391119801e-05 0.08974840844987578 500 10.638297872340425
870 7.955017004102208e-05 0.1093442833918317 600 11.131725417439702
870 9.912852049215167e-05 0.1307428387047528 700 11.532125205930807
880 0.000255837610226141 0.18998005888101926 100 8.620689655172413
880 0.00019939684683095032 0.15681485544741428 200 9.009009009009008
880 0.0001457801876343533 0.1394599772529029 300 9.174311926605505
880 0.0001023317537540138 0.0954288250846283 400 10.025062656641603
880 0.00010440068885737365 0.09266378860867262 500 10.683760683760683
880 7.875111567942327e-05 0.11361555194514703 600 11.194029850746269
880 0.00010901650132258951 0.1328841064424784 700 11.570247933884298
890 0.0002986839497042935 0.20863192108255244 100 8.403361344537815
890 0.0001982141708167055 0.18788663375117678 200 8.73362445414847
890 0.00015481888364413256 0.13741098903903093 300 9.202453987730062
890 0.00010875789136386431 0.09871441779429159 400 10.1010101010101
890 0.00011027540961383232 0.09910209232682533 500 10.729613733905579
890 7.724878446887609e-05 0.12114673149518626 600 11.235955056179774
890 0.00011188390748074761 0.1350060091699962 700 11.570247933884298
900 0.00034701675476998074 0.21940676479840057 100 8.264462809917354
900 0.00023735719793523772 0.20139748878178576 200 8.51063829787234
900 0.00015739543457879608 0.13566759597829062 300 9.25925925925926
900 0.0001137644430248653 0.10275365497424263 400 10.15228426395939
900 0.00011130988466193773 0.1061675448227573 500 10.775862068965516
900 8.42239085496965e-05 0.12883217560502808 600 11.278195488721805
900 0.00010675167913975956 0.12736029369700866 700 11.419249592169656
910 0.0003706441320772281 0.2264070088836257 100 8.130081300813007
910 0.00024284284202438485 0.20609746934309392 200 8.403361344537815
910 0.00015260354860293529 0.13280878398168855 300 9.287925696594426
910 0.00011569906165077721 0.10504190779120144 400 10.204081632653061
910 0.00011259211118597695 0.1114418572454715 500 10.822510822510822
910 8.252532858046792e-05 0.1344966227717402 600 11.320754716981131
910 0.00010433326080262928 0.11833779506591748 700 11.217948717948717
920 0.0004034776992918704 0.23183638067959123 100 8.130081300813007
920 0.00025058364464120584 0.2094949080246632 200 8.403361344537815
920 0.00015390879784275274 0.13185730456285227 300 9.345794392523365
920 0.00011935725872875194 0.1076092493865832 400 10.256410256410257
920 0.00011374553034738966 0.11592399526586591 500 10.893246187363832
920 8.34438807838181e-05 0.1383979794769753 600 11.406844106463877
920 0.00011262458437231322 0.1191102124327468 700 11.128775834658187
930 0.00036332454879971297 0.23441897611717608 100 8.264462809917354
930 0.000248272525712297 0.21351871513694243 200 8.47457627118644
930 0.00014739767836700348 0.13072817029117592 300 9.46372239747634
930 0.00011980449584131719 0.10618093003441037 400 10.38961038961039
930 0.00011106510466480682 0.11664983674125416 500 10.989010989010989
930 8.257159714364849e-05 0.13955106887543497 600 11.494252873563218
930 0.00011444808150768804 0.11698019264488731 700 11.128775834658187
940 0.0003244576674822279 0.22898464419012476 100 8.403361344537815
940 0.00022877921664119446 0.21351954378701193 200 8.583690987124463
940 0.00014252345088055265 0.12573795507415894 300 9.615384615384615
940 0.00011186983463141186 0.10114663808233836 400 10.526315789473685
940 0.00010540090556175603 0.11423644670201484 500 11.11111111111111
940 7.926563232211719e-05 0.13798167477432763 600 11.60541586073501
940 0.00011184271339977746 0.11343524324592147 700 11.146496815286623
950 0.00026084346312996436 0.21250256813560384 100 8.620689655172413
950 0.00018918069960295307 0.2057716387185508 200 8.73362445414847
950 0.00012071645047021987 0.11254087031265575 300 9.771986970684038
950 9.994185218860576e-05 0.08937410341091417 400 10.666666666666666
950 9.208705972671956e-05 0.10736693528611067 500 11.235955056179776
950 7.407279066506762e-05 0.13302091902020657 600 11.71875
950 0.0001007007979221454 0.10988432075446868 700 11.146496815286623
960 0.00023156005907379364 0.19557791682421308 100 8.849557522123893
960 0.00015469673440549108 0.19583948439585305 200 8.849557522123893
960 0.0001089437799974364 0.0993112706080471 300 9.933774834437084
960 9.729345204806885e-05 0.08043671395908568 400 10.78167115902965
960 8.180108084456436e-05 0.10341880417925868 500 11.363636363636363
960 9.066304426706969e-05 0.13041322021978885 600 11.834319526627219
960 9.209485892165096e-05 0.10916964121978047 700 11.146496815286623
970 0.00013961126603190732 0.17370364963822763 100 9.009009009009008
970 0.00010556223309441691 0.17913132691630754 200 8.968609865470851
970 7.234386308888851e-05 0.0796942875386745 300 10.1010101010101
970 7.624259327719889e-05 0.0685257688676195 400 10.92896174863388
970 5.990221368022622e-05 0.09846867844516002 500 11.494252873563218
970 8.577209699536158e-05 0.12712730164769254 600 11.952191235059761
980 0.00013969132946359687 0.1472287184959631 100 9.25925925925926
980 9.083745093384374e-05 0.15917154767460137 200 9.174311926605505
980 6.187835617158012e-05 0.06365691721934207 300 10.273972602739725
980 6.906963699211507e-05 0.067100434853618 400 11.080332409972298
980 5.307645966170592e-05 0.10165275642807145 500 11.627906976744185
980 8.471874253355718e-05 0.12962900444191064 600 12.072434607645874
990 0.0001487886894857198 0.13540743789798482 100 9.345794392523363
990 8.667753830558466e-05 0.13709724430884612 200 9.345794392523363
990 5.473995089844551e-05 0.05145412609082427 300 10.452961672473867
990 6.53756779581189e-05 0.0713596616321098 400 11.235955056179774
990 4.6019261557964626e-05 0.10715651955449547 500 11.792452830188678
990 8.879589416602301e-05 0.13369094781761945 600 12.195121951219512
1000 0.00015048167133464835 0.1534732067238772 100 9.174311926605505
1000 9.549570313036167e-05 0.1167664320653307 200 9.523809523809524
1000 5.0942731070306615e-05 0.046234265996508504 300 10.638297872340425
1000 6.876679036141424e-05 0.07847563172039426 400 11.396011396011396
1000 4.048016331566525e-05 0.11529085146133011 500 11.904761904761905
1000 8.841635514940126e-05 0.1378157271670663 600 12.269938650306747
1010 0.00014278575716464742 0.18560713892920586 100 8.928571428571427
1010 8.398127303919085e-05 0.09978334034600046 200 9.661835748792269
1010 4.6821904914388015e-05 0.04744108113066029 300 10.79136690647482
1010 6.400013499268261e-05 0.08630959504353614 400 11.527377521613833
1010 3.353210841819181e-05 0.12194557075415609 500 12.048192771084338
1010 8.657560928721316e-05 0.13796497813240682 600 12.295081967213113
1020 0.00013612586160657457 0.20872359634623117 100 8.695652173913043
1020 6.266044933109477e-05 0.08670578510665174 200 9.75609756097561
1020 3.812654896377487e-05 0.05246415495396555 300 10.94890510948905
1020 5.504186042161023e-05 0.09412351195228297 400 11.627906976744187
1020 3.445562960248511e-05 0.12928814164960867 500 12.135922330097086
1020 7.44510123724273e-05 0.12904792623438133 600 12.170385395537524
1030 0.00011462231947094689 0.2173752372313207 100 8.620689655172413
1030 5.33425823746012e-05 0.07643099437783393 200 9.9009900990099
1030 3.2893237019375994e-05 0.05904676207199726 300 11.07011070110701
1030 5.167951129992471e-05 0.10124495353779149 400 11.730205278592376
1030 2.927990518377162e-05 0.13576177361545302 500 12.224938875305622
1030 6.578636651285438e-05 0.12552053620680745 600 11.952191235059761
1040 0.00010872463309987026 0.21632564042710592 100 8.620689655172413
1040 3.0761969486172276e-05 0.06523752690495947 200 10.0
1040 2.9389337727766003e-05 0.06624673542331586 300 11.194029850746269
1040 4.44852942999141e-05 0.10841120340459233 400 11.834319526627217
1040 2.343507897763257e-05 0.14137275129523985 500 12.345679012345679
1040 6.803048135736217e-05 0.13182225792423055 600 11.834319526627219
1050 0.0001383617651776025 0.21147168912319164 100 8.620689655172413
1050 3.9820279852766925e-05 0.057416839894642184 200 10.15228426395939
1050 4.095695194794482e-05 0.07574277853029293 300 11.320754716981131
1050 4.8710029968444216e-05 0.1169872363476727 400 11.940298507462687
1050 2.798404010367757e-05 0.14890360774622563 500 12.43781094527363
1050 7.58938148260278e-05 0.13641691001551656 600 11.764705882352942
1060 0.0001371656444969279 0.20555919297892472 100 8.695652173913043
1060 5.0337898340848056e-05 0.051749978818034 200 10.309278350515463
1060 3.868204953822643e-05 0.0853724267128716 300 11.450381679389311
1060 5.116695204270722e-05 0.1255255018991493 400 12.048192771084336
1060 3.3391624864255525e-05 0.15615979199975832 500 12.531328320802004
1060 7.906423452911561e-05 0.14082171334318036 600 11.71875
1070 8.915803224265209e-05 0.19692348250591568 100 8.771929824561402
1070 4.7501946601875435e-05 0.04874187425703094 200 10.471204188481675
1070 4.982511770749405e-05 0.09419428330518137 300 11.583011583011581
1070 4.44662068158082e-05 0.13352213187462414 400 12.158054711246201
1070 6.373275793542028e-05 0.16262213003921763 500 12.626262626262626
1070 7.175542777996518e-05 0.14755411313338893 600 11.627906976744185
1080 7.991544806642742e-05 0.18301099472660606 100 8.849557522123893
1080 4.025043822027734e-05 0.0495866651077831 200 10.695187165775401
1080 5.521844952039054e-05 0.10345294901331867 300 11.71875
1080 4.0205194476912505e-05 0.14075950577931853 400 12.307692307692308
1080 7.632067788104743e-05 0.1681768204386145 500 12.755102040816325
1090 5.911340831735249e-05 0.15958977041142236 100 9.009009009009008
1090 3.3789953418170806e-05 0.05465327601096899 200 10.869565217391303
1090 4.5625374928724255e-05 0.11235860734695857 300 11.904761904761903
1090 3.304934997026994e-05 0.14877238747665691 400 12.461059190031152
1090 8.218775652776165e-05 0.17375090407041135 500 12.853470437017993
1100 5.256648577102363e-05 0.1198093158574992 100 9.345794392523363
1100 3.914973884953817e-05 0.06306729746682285 200 11.173184357541897
1100 4.659904040844694e-05 0.12474845487324847 300 12.096774193548386
1100 2.6135661827481124e-05 0.15797092541888824 400 12.658227848101266
1100 8.19639561353605e-05 0.17907500169786494 500 12.987012987012987
1110 7.159383159141176e-05 0.07372543193086617 100 9.80392156862745
1110 4.3025903357079416e-05 0.08135146742195763 200 11.560693641618496
1110 4.9425502511446695e-05 0.13907214084136296 300 12.396694214876032
1110 2.6159676588211196e-05 0.16999271923565218 400 12.861736334405144
1110 8.471862187057147e-05 0.184997723921967 500 13.157894736842104
1120 5.3408277924308283e-05 0.022936652811291768 100 10.309278350515463
1120 2.8930168711079875e-05 0.10783035163121343 200 11.976047904191617
1120 4.632843990765042e-05 0.15800394759633535 300 12.658227848101264
1120 1.9485623977954342e-05 0.18360785913151492 400 13.114754098360656
1120 8.36403592341797e-05 0.1905528255506224 500 13.26259946949602
1130 2.9769987265697836e-05 0.02540666032710472 100 10.869565217391303
1130 2.6042851336050263e-05 0.13528774626558293 200 12.345679012345679
1130 3.120869811592871e-05 0.17563955593684108 300 12.93103448275862
1130 1.713395239533849e-05 0.1976239200500289 400 13.333333333333334
1130 7.284549660898179e-05 0.19043922941003263 500 13.26259946949602
1140 8.068571385676075e-06 0.06429863446962694 100 11.235955056179774
1140 2.3362303134523912e-05 0.1576845907048379 200 12.658227848101266
1140 3.083436402146754e-05 0.1899054855563566 300 13.157894736842104
1140 1.95127090815801e-05 0.20819144549094318 400 13.559322033898304
1140 6.111900972637263e-05 0.1863302455690333 500 13.054830287206265
1150 3.879044881473603e-05 0.09338813408079816 100 11.627906976744187
1150 1.9748690097159174e-05 0.17540487965343254 200 12.903225806451612
1150 3.138496118114056e-05 0.2012044522390211 300 13.333333333333334
1150 1.9931682019751814e-05 0.21761180169124042 400 13.6986301369863
1150 6.170420581037003e-05 0.19464709586492163 500 12.820512820512821
1160 5.396196410831819e-05 0.12013515264383814 100 11.904761904761905
1160 2.564281355844427e-05 0.18945991922104086 200 13.157894736842104
1160 3.0051869158243886e-05 0.21046146452358783 300 13.513513513513512
1160 2.3429275375607753e-05 0.2254775625418616 400 13.840830449826989
1160 6.745980534640319e-05 0.20197700182755987 500 12.690355329949236
1170 5.217207681851498e-05 0.14493042881609255 100 12.345679012345679
1170 2.5625346729968992e-05 0.2048399176796656 200 13.333333333333334
1170 2.9580345103334613e-05 0.21958507871360614 300 13.6986301369863
1170 2.5030604498499796e-05 0.23295830894112624 400 13.986013986013985
1170 7.111437581357606e-05 0.20646882179088916 500 12.594458438287154
1180 3.8290069512723256e-05 0.17456066279367272 100 12.658227848101266
1180 3.5985023543549504e-05 0.21767994347931663 200 13.605442176870747
1180 3.7124667229773764e-05 0.22964703576577378 300 13.824884792626726
1180 4.9319039735513104e-05 0.24103884141836177 400 14.08450704225352
1180 7.453724971475101e-05 0.21287555973870625 500 12.468827930174562
1190 5.45118321129494e-05 0.19708488514997843 100 13.157894736842104
1190 5.0519077690749906e-05 0.22986216952117744 200 13.793103448275861
1190 3.433885159042672e-05 0.23711140176263035 300 14.018691588785046
1190 8.106858874737587e-05 0.24656634167726144 400 14.234875444839856
1200 4.441967940084544e-05 0.21783931623836925 100 13.513513513513512
1200 5.3628819841807556e-05 0.23867993464164405 200 13.986013986013985
1200 3.248149806000236e-05 0.24447361753569358 300 14.150943396226413
1200 0.00010183375898516531 0.2505347728096064 400 14.285714285714286
1210 5.6262721824926495e-05 0.23546628824739457 100 13.6986301369863
1210 4.77403577318677e-05 0.24573710507204838 200 14.08450704225352
1210 1.851806082507204e-05 0.24955575822906884 300 14.285714285714286
1210 9.413634032159929e-05 0.2492178948816349 400 14.285714285714286
1220 5.4615983664189393e-05 0.2482381940656461 100 13.88888888888889
1220 5.3471016316024544e-05 0.25043456392644026 200 14.184397163120567
1220 2.297404945931236e-05 0.2547160449056332 300 14.354066985645932
1220 9.581048418154138e-05 0.23362412321131396 400 13.986013986013985
1230 3.011552291937755e-05 0.25717620646515604 100 14.08450704225352
1230 5.01824362916674e-05 0.2535199744724342 200 14.285714285714286
1230 2.855365774982838e-05 0.2585538169027021 300 14.423076923076923
1230 7.589223466177513e-05 0.21705062282950702 400 13.333333333333334
1240 3.872276078165427e-05 0.2609334907830449 100 14.285714285714286
1240 5.788816464672224e-05 0.25664867666732805 200 14.285714285714286
1240 2.5001711371825314e-05 0.2610619153371825 300 14.492753623188404
1240 8.865159068230186e-05 0.22305775964366834 400 12.861736334405144
1250 3.259674260221567e-05 0.2647561598017473 100 14.285714285714286
1250 5.2378322165488655e-05 0.2569360983404827 200 14.388489208633093
1250 2.760281848256228e-05 0.26386547110101627 300 14.492753623188404
1250 9.495070311877244e-05 0.22218457769491448 400 12.578616352201257
1260 7.224216497807873e-05 0.26392504000563577 100 14.285714285714286
1260 4.18230926459068e-05 0.2571074701371876 200 14.388489208633093
1260 7.916769885673233e-05 0.26324120134544926 300 14.563106796116504
1260 8.638746121831674e-05 0.22588119936860657 400 12.232415902140671
1270 9.363615182792072e-05 0.26132534523494416 100 14.285714285714286
1270 4.098062137875036e-05 0.25746149053154266 200 14.388489208633093
1270 0.00011207800394211032 0.26296865905227645 300 14.492753623188404
1280 0.00012535114429411772 0.261141167222569 100 14.08450704225352
1280 2.5724732603940934e-05 0.25849944417895565 200 14.388489208633093
1280 0.00013144253078767833 0.25639916320916484 300 14.423076923076923
1290 0.00012331967209895376 0.25723396370445534 100 14.08450704225352
1290 2.9098960815396664e-05 0.2599333500403317 200 14.388489208633093
1290 0.00012973782354683958 0.2315322815220128 300 13.953488372093023
1300 0.00010830445369205559 0.25388479811963227 100 14.08450704225352
1300 3.0771496847934906e-05 0.2614405868973329 200 14.388489208633093
1300 0.00010041505527788103 0.20534450778728647 300 12.93103448275862
1310 9.699610177890647e-05 0.25248919620629334 100 14.08450704225352
1310 3.092092155779446e-05 0.2618219529720334 200 14.492753623188404
1310 0.00011214654605551357 0.2112504160375589 300 12.345679012345679
1320 9.152390814238921e-05 0.2530777171034913 100 14.08450704225352
1320 3.470167333508524e-05 0.2645573859242495 200 14.492753623188404
1320 0.00012101931280046832 0.20959859717366996 300 12.0
1330 3.8525950730334026e-05 0.255634477395694 100 14.08450704225352
1330 0.0001052371530684571 0.2666395329590799 200 14.492753623188404
1330 9.29463811820778e-05 0.21737306727648908 300 11.538461538461538
1340 3.905285666603542e-05 0.26127005534725173 100 14.08450704225352
1340 0.00013616507485543578 0.2660311667396782 200 14.492753623188404
1350 8.129387078647068e-05 0.2644927576240855 100 14.285714285714286
1350 0.00014022148446419353 0.2575545165233025 200 14.285714285714286
1360 7.312248353300238e-05 0.2718976368973019 100 14.285714285714286
1360 0.00013325413958295988 0.21745266829116613 200 13.605442176870747
1370 8.719377530949353e-05 0.27366502316795227 100 14.492753623188404
1370 0.00010326953979291419 0.18429637308745575 200 12.269938650306749
1380 8.452623457341993e-05 0.2788839349644608 100 14.492753623188404
1380 0.00012414630486452585 0.19803484963897539 200 11.494252873563218
1390 7.015879093973474e-05 0.2823368468348554 100 14.492753623188404
1390 0.00013674999319861813 0.19968194234916936 200 11.049723756906076
1400 0.00021008716671459333 0.2827425731883073 100 14.492753623188404
1410 0.0002999301722120265 0.27367294273188064 100 14.492753623188404
1420 0.0003559585788389365 0.2456405098586189 100 13.88888888888889
1430 0.0002961428699039717 0.13844066010066028 100 12.19512195121951
1440 0.0002690673051685278 0.16352253453642182 100 10.1010101010101
1450 0.00031217482345566024 0.20688083330300852 100 9.25925925925926
1460 0.0002814590621813757 0.24701887153666985 100 8.547008547008547
