0 0.0003169961518691653 0.28872165919839504 100 8.47457627118644
0 9.150302905426405e-05 0.16553455489113625 200 9.433962264150942
0 0.00010857863423157269 0.08899112718873411 300 10.416666666666666
0 0.00010515057750587436 0.06583072888368977 400 10.471204188481675
0 0.00014186351315985453 0.055225726519358954 500 10.416666666666666
0 0.00015497503087297677 0.056421913050274726 600 10.416666666666666
0 0.00014164849013311557 0.07411587967071405 700 10.27900146842878
0 0.0001050107244533238 0.0702722792535499 800 10.282776349614394
10 0.0003015702372412899 0.2102371344622057 100 9.009009009009008
10 8.146999157153823e-05 0.13059791456755532 200 9.75609756097561
10 9.392928336216601e-05 0.07115220141708027 300 10.714285714285714
10 0.00010479781363847584 0.04921221212416907 400 10.666666666666666
10 0.000137146822008623 0.039508561033073535 500 10.570824524312895
10 0.00015706836045404937 0.043877720211342626 600 10.544815465729348
10 0.00014154121005443594 0.06481287591423646 700 10.37037037037037
10 0.0001009104387754751 0.060979327081622146 800 10.376134889753565
20 0.0002623760824057242 0.14169173710275793 100 9.615384615384615
20 9.164278745570764e-05 0.10142815207420883 200 10.0
20 0.00010118817264093225 0.05999285601203375 300 10.94890510948905
20 0.00011098232176082944 0.034828437624520675 400 10.81081081081081
20 0.0001436106338978385 0.025411869110294052 500 10.70663811563169
20 0.00016092176860460754 0.03275189483532799 600 10.657193605683835
20 0.0001436130355109009 0.056838669832009685 700 10.447761194029852
20 0.00010635581485412342 0.05244842885812587 800 10.471204188481675
30 0.00020825375752228658 0.08313558138812399 100 10.1010101010101
30 9.708654369885071e-05 0.07734256972948687 200 10.256410256410257
30 0.00010754553424223765 0.0535150215854339 300 11.194029850746269
30 0.00011761298997030594 0.022739892240313822 400 10.92896174863388
30 0.0001479465443219554 0.01339039189092351 500 10.822510822510822
30 0.00016523173466569848 0.02450052803952537 600 10.75268817204301
30 0.00014426339705165796 0.05125916323844979 700 10.510510510510509
30 0.00010756156808279075 0.04591490877740573 800 10.554089709762533
40 0.00018190293230616563 0.03852537818507705 100 10.638297872340425
40 0.00011756390339614829 0.057117293434979816 200 10.471204188481675
40 0.00011326874853321835 0.05273943928267499 300 11.406844106463877
40 0.00012831986445977322 0.014783495404617247 400 11.019283746556473
40 0.00015413535998682278 0.004816734131975888 500 10.917030567685588
40 0.00016799495160341505 0.019898121341187066 600 10.830324909747292
40 0.0001417080585076852 0.04825222541673888 700 10.542168674698795
40 0.00010674100022082568 0.04135648664205748 800 10.624169986719789
50 0.00017215313499939592 0.023453377247630393 100 10.989010989010989
50 0.00011886141372203894 0.038202832247277926 200 10.638297872340425
50 0.00011053231446533816 0.056054171725567654 300 11.538461538461538
50 0.00012220338068273225 0.011991425646631446 400 11.080332409972298
50 0.0001485140992707152 0.0038781595915654615 500 10.989010989010989
50 0.00016137061414634593 0.0191889069129542 600 10.88929219600726
50 0.00013270803605538997 0.04727981962937855 700 10.558069381598793
50 0.00010207365522708508 0.03934603365236809 800 10.680907877169558
60 0.00014048347128958402 0.04364752465957096 100 11.363636363636363
60 0.0001559631417025221 0.024260285928689545 200 10.81081081081081
60 0.00010715184606404188 0.055472708164245536 300 11.627906976744185
60 0.00012847974892017872 0.010379334340329498 400 11.080332409972298
60 0.0001549854500472574 0.005264486802819052 500 11.013215859030836
60 0.0001603166393542797 0.018786252139903977 600 10.909090909090908
60 0.00013495786469719178 0.04594322542309238 700 10.558069381598793
60 0.0001029020789118972 0.03716783465087713 800 10.72386058981233
70 0.00015183465951412105 0.05473911888136433 100 11.494252873563218
70 0.0001988123340460368 0.014725510602503721 200 10.92896174863388
70 0.00010817781619856338 0.050680227606416633 300 11.627906976744185
70 0.0001345277493056526 0.01016415112582789 400 11.080332409972298
70 0.00018282084557351923 0.007737670420765988 500 10.964912280701753
70 0.00016133065710529116 0.01908615294091039 600 10.909090909090908
70 0.00013122545463246143 0.04472642880867963 700 10.558069381598793
70 0.00010265127418329802 0.03533280085775074 800 10.767160161507404
80 0.0001343598952146573 0.057457160508037466 100 11.494252873563218
80 0.00019263597679923444 0.010935998969341498 200 11.049723756906076
80 0.00011617129352548581 0.047494098030943635 300 11.583011583011581
80 0.0001448275500533304 0.009762609279030837 400 11.049723756906076
80 0.00019291613453060533 0.008538165415856733 500 10.940919037199125
80 0.00016325402479551627 0.020497431232485677 600 10.88929219600726
80 0.00012659435021908797 0.0436115573199627 700 10.558069381598793
80 0.00010116185214572606 0.03549143985827391 800 10.79622132253711
90 0.0001427793426272774 0.053825688353044764 100 11.494252873563218
90 0.00019446771776397223 0.022372933640894512 200 11.235955056179774
90 0.00011373253091802047 0.043496768567217646 300 11.538461538461538
90 0.00015513342834047822 0.010110849901660588 400 11.049723756906076
90 0.00019126941239391114 0.009765867280918356 500 10.917030567685588
90 0.0001606184022212824 0.022656016439899892 600 10.849909584086799
90 0.00012456279325146402 0.04215500166581873 700 10.558069381598793
90 9.768698455434774e-05 0.035933790788002865 800 10.825439783491204
100 0.0001106470676826546 0.03545947901926216 100 11.235955056179774
100 0.0001810115856600714 0.03886632237092105 200 11.428571428571429
100 0.00010890050369014282 0.04002472817597743 300 11.450381679389311
100 0.0001522122422135455 0.008975190655857479 400 11.019283746556473
100 0.00018415925013011284 0.010132228930979004 500 10.917030567685588
100 0.0001592180035070885 0.028148163808216952 600 10.771992818671453
100 0.00012130564371071825 0.04106043303837977 700 10.558069381598793
100 9.452919621426172e-05 0.037445849544584034 800 10.854816824966079
110 0.00020399392900640893 0.024752347855119806 100 10.869565217391303
110 0.00020621787596378005 0.05537198955858949 200 11.560693641618496
110 0.0001112486660905532 0.03733817554378892 300 11.406844106463877
110 0.00015840581823436356 0.011842175475331826 400 11.019283746556473
110 0.00018123998616037236 0.009521928068593154 500 10.917030567685588
110 0.00015946883061644117 0.03241361027684036 600 10.695187165775401
110 0.00011843862990252918 0.039068759563551055 700 10.574018126888218
110 9.337593077107316e-05 0.036933520549435876 800 10.854816824966079
120 0.00026448468793128507 0.056161703701963904 100 10.416666666666664
120 0.00019674275905727772 0.06930159393329186 200 11.695906432748536
120 0.00012447687939363012 0.03404279616998641 300 11.278195488721805
120 0.00016168589105864742 0.013720883474688042 400 11.019283746556473
120 0.00018594430543742037 0.009692212143909926 500 10.893246187363832
120 0.00015909293490756264 0.03758232677180869 600 10.600706713780918
120 0.00011387476386169358 0.038161551851932284 700 10.59001512859304
120 9.379548333533701e-05 0.036832361849980816 800 10.825439783491204
130 0.00024731477053296176 0.07344985910318931 100 10.204081632653061
130 0.00019052503046582692 0.08335846283603572 200 11.764705882352942
130 0.00012825115336970747 0.030416223719386397 300 11.152416356877323
130 0.00016092310075697236 0.012748584504437128 400 10.95890410958904
130 0.00017951555309610322 0.0092845211530855 500 10.845986984815617
130 0.00014843410299385373 0.0423522911706687 600 10.526315789473685
130 0.0001095477179061161 0.038629722309267894 700 10.59001512859304
130 9.056352426714777e-05 0.038184469742752004 800 10.79622132253711
140 0.00030265770814714077 0.07972786576792569 100 10.1010101010101
140 0.00017810076797864565 0.0955199116598974 200 11.695906432748536
140 0.0001310479972968553 0.027443065762898816 300 11.02941176470588
140 0.0001708547168483188 0.010718498606027294 400 10.92896174863388
140 0.00017769079697048964 0.011328288709719692 500 10.822510822510822
140 0.00013925640418149045 0.046865131652764715 600 10.452961672473867
140 0.00010725425341982622 0.04101486717628366 700 10.606060606060606
140 8.85098152143202e-05 0.040020413913825735 800 10.767160161507404
150 0.000369044734752117 0.08021571527810682 100 10.204081632653061
150 0.00017421309318867205 0.10068005220506004 200 11.627906976744187
150 0.0001398537765153049 0.026417581268624975 300 10.909090909090908
150 0.000177873010292419 0.011762780780634682 400 10.840108401084011
150 0.0001712303119748023 0.01633336459311586 500 10.775862068965516
150 0.00013896366932091727 0.04911650375116951 600 10.398613518197573
150 0.00010352091991680835 0.04492840314930182 700 10.638297872340425
150 8.727866371378775e-05 0.04257915524291429 800 10.75268817204301
160 0.00034310780333614873 0.07797815011602897 100 10.309278350515463
160 0.0001620573893670216 0.09734032086626634 200 11.560693641618496
160 0.00015120314482320094 0.023148064055928893 300 10.869565217391305
160 0.0002058322506936397 0.014559452887539062 400 10.78167115902965
160 0.00017060426957526083 0.022165714373125298 500 10.75268817204301
160 0.00013010910565647443 0.050239705657484104 600 10.380622837370241
160 0.00010130417220343312 0.04811742965993178 700 10.670731707317072
160 8.961046277623517e-05 0.04323713217990635 800 10.75268817204301
170 0.0003027505922102759 0.07803457290042388 100 10.638297872340425
170 0.00013643449662106865 0.08706873832163325 200 11.494252873563218
170 0.00016237351422606928 0.017795223984002916 300 10.830324909747292
170 0.00021206662262276653 0.013425994660904227 400 10.75268817204301
170 0.00016952684789068779 0.023743660461078075 500 10.729613733905579
170 0.00012781405875665974 0.04873590464220234 600 10.380622837370241
170 9.759790934969995e-05 0.04676227975026263 700 10.703363914373087
170 8.724050644858486e-05 0.03949852784945639 800 10.767160161507404
180 0.0002556748661548649 0.09021884565995889 100 10.989010989010989
180 0.00012701121333402377 0.07611088074964124 200 11.428571428571429
180 0.00017593513219745394 0.011452115976276803 300 10.869565217391305
180 0.0002097187432415256 0.016219659006599264 400 10.75268817204301
180 0.00017368467855224191 0.033512061545186926 500 10.683760683760683
180 0.00012955559099604982 0.050503268890600875 600 10.398613518197573
180 9.333183135589848e-05 0.04830498127322317 700 10.736196319018404
180 9.343432380167178e-05 0.039466691694103655 800 10.767160161507404
190 0.0002366634687025384 0.10483460422262787 100 11.494252873563218
190 0.0001145621038174997 0.0681311391809614 200 11.494252873563218
190 0.0001767615731149956 0.009984190897269386 300 10.909090909090908
190 0.00020646454527681324 0.01168355255606806 400 10.81081081081081
190 0.00017803346268347294 0.03569475244443866 500 10.638297872340425
190 0.0001258537958684781 0.0471003844142099 600 10.434782608695652
190 9.225791552079181e-05 0.04368367307763791 700 10.785824345146379
190 9.669793305990072e-05 0.03622376707465247 800 10.75268817204301
200 0.00021774499826375084 0.1274380735476425 100 12.19512195121951
200 0.00010851738784236913 0.06458767668866207 200 11.560693641618496
200 0.00018483238312741888 0.017266829007853778 300 11.02941176470588
200 0.0002053174688263986 0.0169089379290382 400 10.869565217391303
200 0.0001737179128886171 0.04072770678104765 500 10.638297872340425
200 0.0001225603596384283 0.04622209761882245 600 10.507880910683012
200 8.700115309788003e-05 0.04014482472073084 700 10.819165378670787
200 9.833646126828977e-05 0.03456584073691499 800 10.72386058981233
210 0.00016451448565694545 0.1569826838382068 100 12.82051282051282
210 0.00012996130245005735 0.06559241760163675 200 11.695906432748536
210 0.00019492279703991547 0.026378213655172015 300 11.11111111111111
210 0.00020262837773354057 0.02327408335863454 400 10.92896174863388
210 0.00017304781516310253 0.04571501345788703 500 10.615711252653927
210 0.00011610499617867984 0.045183483413971146 600 10.56338028169014
210 8.303337944917502e-05 0.03731482278662847 700 10.852713178294573
210 0.0001003796650083469 0.033350674645710524 800 10.7095046854083
220 0.00016034068370184872 0.18157445214260848 100 13.333333333333334
220 0.00014192063019226238 0.06488789272528694 200 11.695906432748536
220 0.00018727786338415406 0.03171888697619794 300 11.194029850746269
220 0.0002038271226178224 0.02544387752804676 400 10.989010989010989
220 0.00016838913711568747 0.04794902559127157 500 10.59322033898305
220 0.00011200193503114692 0.04256656305159074 600 10.619469026548673
220 8.484455232677881e-05 0.034645497590089856 700 10.852713178294573
220 0.00010116696382295119 0.031489289916573474 800 10.666666666666666
230 0.00011938309467906009 0.1927285066188668 100 13.6986301369863
230 0.00017842786937468175 0.060921998009921575 200 11.560693641618496
230 0.00020393327324404485 0.036231656398268045 300 11.194029850746269
230 0.00020886489088184614 0.030791009925896683 400 10.989010989010989
230 0.00016356914186525697 0.053463523687665715 500 10.548523206751053
230 0.00010937264356310242 0.041817155538521784 600 10.657193605683835
230 8.689701050947075e-05 0.03289683142775491 700 10.852713178294573
230 0.0001029777910516807 0.028542810791097266 800 10.58201058201058
240 8.37704963033877e-05 0.1902708691279544 100 13.513513513513512
240 0.00018991252184728352 0.05324037708745166 200 11.428571428571429
240 0.00020867490021113226 0.037075111958587016 300 11.152416356877323
240 0.00019875922331869387 0.035908189309869894 400 10.95890410958904
240 0.00015733120299879426 0.06050890870657022 500 10.460251046025103
240 0.00010331759061818629 0.04356151720808642 600 10.676156583629894
240 8.253990795182266e-05 0.03439506027723314 700 10.835913312693497
240 9.700500925569278e-05 0.02630339953901048 800 10.498687664041995
250 8.337965317142602e-05 0.16787043284419845 100 13.157894736842104
250 0.0001999670309204431 0.043156708211836474 200 11.173184357541897
250 0.0002238731952037278 0.03518989107528512 300 10.989010989010989
250 0.00019512816138379221 0.04081055506905714 400 10.869565217391303
250 0.00014118016479089862 0.06621343117021268 500 10.395010395010395
250 9.488600673234057e-05 0.04641859790245709 600 10.695187165775401
250 8.175315500200173e-05 0.03633330196636345 700 10.819165378670787
250 9.415632218910918e-05 0.026175422999585852 800 10.430247718383312
260 9.696301616925708e-05 0.12695603394683888 100 12.5
260 0.00021664271437722048 0.032217963629003504 200 10.92896174863388
260 0.0002477597773970552 0.03409345691785014 300 10.79136690647482
260 0.00019242651949586656 0.04422819481220291 400 10.75268817204301
260 0.0001297082398393658 0.06941383997482647 500 10.309278350515465
260 8.536331738776005e-05 0.04992889988465729 600 10.676156583629894
260 8.68832180865252e-05 0.03866842512081437 700 10.76923076923077
260 9.094875963651383e-05 0.026169994146921956 800 10.376134889753565
270 0.0001309946900706718 0.06888372478828124 100 11.627906976744187
270 0.00023589068690540413 0.036420734590484775 200 10.695187165775401
270 0.0002458267145777684 0.04406675190325463 300 10.600706713780918
270 0.00019133240988444637 0.055611752339828534 400 10.526315789473685
270 0.000130043970471497 0.0740508837370048 500 10.245901639344261
270 8.104676406677319e-05 0.05601733236738431 600 10.657193605683835
270 8.801808957803005e-05 0.04497369988579374 700 10.703363914373087
270 8.832874625980426e-05 0.027834572929250637 800 10.309278350515463
280 0.00015481349353520992 0.018523350469849792 100 10.869565217391303
280 0.00023269226551761208 0.053392414651169694 200 10.471204188481675
280 0.00023255693279244265 0.05745083390211463 300 10.452961672473867
280 0.00018390994130666828 0.07453405865406958 400 10.282776349614394
280 0.00011801810670238717 0.07901955579959122 500 10.183299389002036
280 7.331279298610855e-05 0.061178908045298845 600 10.600706713780918
280 9.275092502560282e-05 0.054997460042639605 700 10.542168674698795
280 8.685624729172926e-05 0.030979516255510722 800 10.243277848911651
290 0.0002726513422848376 0.051218346055680056 100 10.416666666666664
290 0.00027895502878636864 0.06970906880585837 200 10.309278350515463
290 0.0002618943845306485 0.07147695139046731 300 10.344827586206897
290 0.0002041153155057225 0.09393128256001118 400 10.1010101010101
290 0.00012369285486175672 0.08389918484674258 500 10.16260162601626
290 8.884326762142661e-05 0.06385262091601279 600 10.526315789473685
290 0.0001129240804848119 0.060203129063928024 700 10.385756676557863
290 9.622512479908965e-05 0.033889216338869516 800 10.19108280254777
300 0.0003608420546453539 0.09662096041029057 100 9.9009900990099
300 0.00030411040960459315 0.08235285062883847 200 10.204081632653061
300 0.0002732727601777882 0.08112347741492852 300 10.273972602739725
300 0.00020254461182343935 0.10729110457182543 400 9.950248756218905
300 0.00012453289344325512 0.08489417978052156 500 10.16260162601626
300 9.823743887925525e-05 0.06447798882087309 600 10.471204188481675
300 0.00012058027311229857 0.059066888861774546 700 10.248901903367496
300 9.830157122380943e-05 0.03570107924902464 800 10.139416983523446
310 0.00038418895803879374 0.12464862659437038 100 9.70873786407767
310 0.00032292627833051783 0.09025206795708636 200 10.15228426395939
310 0.0002722318714805374 0.08674568220068182 300 10.238907849829351
310 0.00019484241164726963 0.11471994681280183 400 9.876543209876543
310 0.00012412392418722143 0.08387030428460504 500 10.204081632653061
310 9.713312139695254e-05 0.06405254388699742 600 10.452961672473867
310 0.00011453887740860434 0.054899149402234865 700 10.15965166908563
310 9.873093128457506e-05 0.03794155430848983 800 10.050251256281406
320 0.0004104385597771279 0.13676125022834218 100 9.615384615384615
320 0.0003319527429986774 0.09533597100716669 200 10.1010101010101
320 0.00027518916884757276 0.08884601204873852 300 10.238907849829351
320 0.00019129863864471858 0.11737362369959717 400 9.828009828009828
320 0.00012062665443870369 0.08192013715953035 500 10.245901639344261
320 0.00010169736379572724 0.06286113404370991 600 10.452961672473867
320 0.00011282915015726019 0.05115588225660089 700 10.115606936416185
320 9.800973090297103e-05 0.03654411675226829 800 9.9626400996264
330 0.0004192846246429214 0.14137390297857752 100 9.523809523809524
330 0.00037875622006119464 0.09698473473790935 200 10.050251256281406
330 0.00026754125105864034 0.0878709182411033 300 10.238907849829351
330 0.00017114500120514364 0.11517625462479922 400 9.852216748768473
330 0.00011757380890343338 0.0792846375133409 500 10.309278350515465
330 0.00010157345533741726 0.060866162872259405 600 10.489510489510488
330 0.00010870942397571446 0.048082131381278634 700 10.115606936416185
330 9.185975195606691e-05 0.032806397711203424 800 9.925558312655086
340 0.00040536529285757357 0.13749406363037076 100 9.615384615384615
340 0.00037429337520011175 0.09585167165981795 200 10.0
340 0.00025227455324296845 0.0855383654945308 300 10.238907849829351
340 0.0001586478834392877 0.11075994361666754 400 9.852216748768473
340 0.00010626449240604722 0.07718935121449476 500 10.373443983402488
340 0.00010165175749058296 0.05937574977287635 600 10.507880910683012
340 0.00010216256399782905 0.04492900691347335 700 10.115606936416185
340 8.063999995197583e-05 0.02961577115055297 800 9.913258983890954
350 0.0003932850248537092 0.12762557925811005 100 9.70873786407767
350 0.00034648856430995125 0.09117470043978186 200 10.050251256281406
350 0.0002351166498968574 0.08357622715063173 300 10.204081632653061
350 0.00014853142952749265 0.10522631964029668 400 9.9009900990099
350 9.535592557774941e-05 0.07614004807374862 500 10.4384133611691
350 9.551696831945213e-05 0.05976552363333036 600 10.526315789473685
350 9.37604176219091e-05 0.04170987669454473 700 10.130246020260492
350 7.199682835391327e-05 0.02642415665420536 800 9.925558312655086
360 0.00036393500516642503 0.11650707279473807 100 9.80392156862745
360 0.00032940283955012144 0.0861708273032667 200 10.1010101010101
360 0.00022992727088930385 0.08725287039089438 300 10.135135135135135
360 0.00014065056961597015 0.10081615501148875 400 9.950248756218905
360 9.06236658171943e-05 0.07615146255745585 500 10.482180293501047
360 9.996226215278746e-05 0.06297020519922959 600 10.507880910683012
360 9.055916272986432e-05 0.03872482065427256 700 10.130246020260492
360 6.69919839078011e-05 0.023700856458984863 800 9.937888198757763
370 0.0003744070404853367 0.10446335333052734 100 9.9009900990099
370 0.00031702767877847754 0.08175209058709207 200 10.15228426395939
370 0.0002249390157724812 0.0957420072330236 300 10.03344481605351
370 0.0001329787599131853 0.09695104331050577 400 10.0
370 8.543660245440489e-05 0.07555488238448721 500 10.526315789473685
370 9.859644501384088e-05 0.06581152046403675 600 10.452961672473867
370 8.896126832789818e-05 0.03614897908328906 700 10.130246020260492
370 6.418759703449194e-05 0.021795094489455265 800 9.950248756218905
380 0.00034609709123459146 0.08970000637206833 100 10.0
380 0.0002893656852111661 0.07615462464021076 200 10.204081632653061
380 0.00020895423144912605 0.10164301373865524 300 9.966777408637872
380 0.00011462110670443102 0.09280917143882789 400 10.050251256281406
380 7.684187772588842e-05 0.07523733135298803 500 10.526315789473685
380 9.473310042630275e-05 0.06651966877299749 600 10.380622837370241
380 7.961546780961645e-05 0.033974310014679605 700 10.144927536231885
380 5.745023354816382e-05 0.019472692057509323 800 9.9626400996264
390 0.0002923258940474065 0.07371135617435942 100 10.204081632653061
390 0.00027705842776574357 0.06908589042298754 200 10.309278350515463
390 0.00019143166092430882 0.10499437144114139 300 9.933774834437084
390 0.00010461529394260333 0.08917689982098156 400 10.1010101010101
390 7.365813222620848e-05 0.07476956922530126 500 10.526315789473685
390 9.00470978515762e-05 0.06403160475293618 600 10.344827586206897
390 7.41312366221818e-05 0.03134803364668782 700 10.144927536231885
390 5.409183717839368e-05 0.017401050186263083 800 9.975062344139651
400 0.000286761309631177 0.05711678309851566 100 10.309278350515463
400 0.00026550165977525745 0.061345338929321945 200 10.362694300518134
400 0.00016785739644282748 0.10727798962402067 300 9.900990099009901
400 9.472186363741597e-05 0.0862494023283155 400 10.204081632653061
400 6.926966251110272e-05 0.07407003635653515 500 10.548523206751053
400 8.593874741411755e-05 0.056770066947914574 600 10.273972602739725
400 6.805419543223433e-05 0.02841123156977038 700 10.144927536231885
400 4.862882683964811e-05 0.015540422952668553 800 10.0
410 0.0003036464300733176 0.044028512418983194 100 10.416666666666664
410 0.00025078947296397675 0.05559364021309267 200 10.471204188481675
410 0.00014882433911400005 0.10836116975420246 300 9.900990099009901
410 8.851671024526282e-05 0.08470716963495248 400 10.282776349614394
410 6.567854527029509e-05 0.07302293667377176 500 10.570824524312895
410 7.656994717738125e-05 0.04808881789783423 600 10.221465076660987
410 6.56142043342499e-05 0.02500656758084009 700 10.101010101010102
410 4.5950781107237944e-05 0.013976556268910716 800 10.025062656641603
420 0.00028397608639209397 0.04010574717299489 100 10.526315789473685
420 0.00023598207547697144 0.05190498826489416 200 10.471204188481675
420 0.00014668630933588415 0.10783501295113024 300 9.868421052631579
420 8.498373499288788e-05 0.083891057213886 400 10.362694300518134
420 6.339234754124693e-05 0.07135523545421793 500 10.615711252653927
420 6.912699241796895e-05 0.04131786139120917 600 10.186757215619693
420 6.042990271798196e-05 0.021580676516043604 700 10.014306151645206
420 4.4737078594355425e-05 0.013009420529305657 800 10.062893081761006
430 0.0003820864270511781 0.04471121897044248 100 10.416666666666664
430 0.0002161438364856911 0.04952093797606352 200 10.526315789473685
430 0.00012024950191107629 0.10445085665458884 300 9.868421052631579
430 7.863562766327176e-05 0.08431195539253464 400 10.443864229765012
430 6.083365826481588e-05 0.07022525488822559 500 10.638297872340425
430 6.469884977538463e-05 0.037127749908109686 600 10.186757215619693
430 5.1994147970425474e-05 0.017385382307762504 700 9.97150997150997
430 4.086473239610471e-05 0.011688507367344891 800 10.088272383354349
440 0.00041208303110239447 0.0523205571465609 100 10.309278350515463
440 0.0002050663712132014 0.049640978872543984 200 10.526315789473685
440 0.00010801121408547276 0.10043502500935865 300 9.900990099009901
440 7.536987086677437e-05 0.08473494716018103 400 10.526315789473685
440 6.38407001685814e-05 0.06854418939212435 500 10.683760683760683
440 5.922380572614338e-05 0.03395410478894514 600 10.186757215619693
440 4.233491711262453e-05 0.01643074707419619 700 9.943181818181817
440 4.0825440151187886e-05 0.011029684614918225 800 10.126582278481013
450 0.00034564843369730896 0.058262232933928015 100 10.309278350515463
450 0.00017573530354508482 0.05660587173771395 200 10.416666666666664
450 9.130438645465761e-05 0.09750103454064486 300 9.933774834437084
450 7.164089811540436e-05 0.08815270937821232 400 10.58201058201058
450 4.9533217481268876e-05 0.06999969350942231 500 10.683760683760683
450 4.7968445505584536e-05 0.0322852204160951 600 10.186757215619693
450 3.160871809815898e-05 0.014732776085161249 700 9.943181818181817
450 3.572069531163834e-05 0.010491429205499727 800 10.15228426395939
460 0.0003350952798110489 0.058263363587593535 100 10.309278350515463
460 0.00017941373290155792 0.07424585998503316 200 10.256410256410257
460 9.186496127668739e-05 0.09662086671259658 300 9.933774834437084
460 7.182658772542707e-05 0.09091510965271193 400 10.638297872340425
460 5.7224450554376766e-05 0.07276301180302769 500 10.638297872340425
460 4.8751008808640505e-05 0.030737755406022624 600 10.169491525423728
460 3.084912078575805e-05 0.014516110092081804 700 9.943181818181817
460 3.445976235172221e-05 0.01181587585377603 800 10.178117048346055
470 0.00027800940054841596 0.058867749346677434 100 10.309278350515463
470 0.0001641509167282399 0.09584140293118015 200 10.050251256281406
470 8.013420486352919e-05 0.0977394853524602 300 9.966777408637872
470 6.70781087634707e-05 0.09321744846790665 400 10.638297872340425
470 5.094456179413748e-05 0.07573815664102647 500 10.526315789473685
470 4.2710659803284806e-05 0.029996280460981902 600 10.152284263959391
470 2.9649931379551886e-05 0.013101851824739589 700 9.929078014184396
470 3.181911584003129e-05 0.014306139769455151 800 10.204081632653061
480 0.00027081508583765614 0.06270679070824524 100 10.309278350515463
480 0.00014540131252590695 0.11412598423968368 200 9.852216748768473
480 6.914689478193323e-05 0.10005404084627477 300 10.0
480 5.920309500281688e-05 0.09304467665547884 400 10.610079575596815
480 4.8486110875124325e-05 0.07427670265704524 500 10.416666666666666
480 3.626898234391226e-05 0.029028217021155177 600 10.135135135135135
480 3.3115237026277e-05 0.012182316064816432 700 9.929078014184396
480 3.076527575965067e-05 0.017129929372755745 800 10.243277848911651
490 0.00024674124243263986 0.06375276932331032 100 10.204081632653061
490 0.00013038064806597375 0.12717840218189758 200 9.70873786407767
490 6.626718440877455e-05 0.1027164759941145 300 10.06711409395973
490 4.541432917408294e-05 0.09322385199551668 400 10.58201058201058
490 4.6796321729263006e-05 0.06892594445416182 500 10.309278350515465
490 3.4115371369569144e-05 0.027545089108123887 600 10.1010101010101
490 3.740668992593455e-05 0.011169730930330852 700 9.929078014184396
490 2.7009503926709706e-05 0.020753650017520914 800 10.269576379974325
500 0.0002495917014082919 0.06291657396312726 100 10.309278350515463
500 0.00011255576837703483 0.13659562081996557 200 9.615384615384615
500 6.761659527676802e-05 0.10574679914433235 300 10.135135135135135
500 3.994639148604051e-05 0.09357188786251106 400 10.58201058201058
500 4.341937424570176e-05 0.058422653734921254 500 10.183299389002036
500 3.259153177791664e-05 0.02444384878846071 600 10.050251256281406
500 3.819025575000626e-05 0.010180513924948021 700 9.943181818181817
500 2.6129326071586724e-05 0.023882527241202985 800 10.309278350515463
510 0.00018376818822466633 0.059130714985999484 100 10.309278350515463
510 0.00010091516311983439 0.13986688669119568 200 9.523809523809524
510 5.991958803482247e-05 0.10875252966788686 300 10.204081632653061
510 3.8793045578349755e-05 0.093681291259469 400 10.58201058201058
510 3.263969566304571e-05 0.04980307623641394 500 10.1010101010101
510 2.69403734351855e-05 0.019721935388031134 600 9.950248756218905
510 3.97138081880973e-05 0.009177327257021334 700 9.97150997150997
510 2.6754923017692235e-05 0.027222750005181394 800 10.335917312661499
520 0.0001317661430599246 0.04927735817378541 100 10.416666666666664
520 5.941101400126953e-05 0.13411991612082125 200 9.523809523809524
520 5.68196610011926e-05 0.10706660208854349 300 10.344827586206897
520 3.264923485797679e-05 0.08983553206807873 400 10.638297872340425
520 2.1403146430405492e-05 0.04265173823671634 500 10.1010101010101
520 2.124453517893283e-05 0.014622312579862162 600 9.884678747940692
520 4.619898325946482e-05 0.00893032898145153 700 10.0
520 3.2163545806051516e-05 0.027762497417011714 800 10.38961038961039
530 9.441586632509467e-05 0.03970565578266754 100 10.526315789473685
530 7.158231340989001e-05 0.1250528982784133 200 9.56937799043062
530 6.99625960985698e-05 0.10700411607875836 300 10.452961672473867
530 3.47714934493586e-05 0.08745993512942228 400 10.695187165775401
530 2.495448762385147e-05 0.038689416299535415 500 10.12145748987854
530 2.534668031733428e-05 0.014579502586121774 600 9.852216748768472
530 5.930376177181922e-05 0.00960661393947095 700 10.043041606886657
530 3.884704354280974e-05 0.02932005562248019 800 10.443864229765012
540 0.00010665625480169213 0.039156808726807046 100 10.526315789473685
540 8.347739260893565e-05 0.11782341258145186 200 9.661835748792269
540 9.893436694261503e-05 0.10717150750788093 300 10.56338028169014
540 4.230246300287087e-05 0.08480041017023755 400 10.75268817204301
540 2.2719183781759932e-05 0.03524562227688848 500 10.12145748987854
540 3.301452340814352e-05 0.016800831881576113 600 9.852216748768472
540 5.734729681248646e-05 0.010937990690897985 700 10.086455331412102
540 3.886242611217867e-05 0.031748637150231386 800 10.484927916120578
550 6.732182360616596e-05 0.06179367398527215 100 10.309278350515463
550 8.385183143127347e-05 0.11532590171151985 200 9.70873786407767
550 9.768302944787397e-05 0.1087302279527857 300 10.676156583629894
550 3.1076349877817926e-05 0.08392902037213433 400 10.75268817204301
550 2.1883130757493358e-05 0.03216889807837512 500 10.12145748987854
550 3.438130699217139e-05 0.018360019588371267 600 9.868421052631579
550 4.966741958698954e-05 0.011780206271305167 700 10.130246020260492
550 3.7679730476816726e-05 0.03394338400214907 800 10.526315789473685
560 6.710944748034158e-05 0.10897329556724852 100 9.80392156862745
560 8.401569775478105e-05 0.11731892055426946 200 9.70873786407767
560 9.700606160429573e-05 0.1121575985784461 300 10.714285714285714
560 1.3387889907849626e-05 0.08680592405825854 400 10.638297872340425
560 1.4833393527717439e-05 0.03013422672021895 500 10.1010101010101
560 4.356725430329879e-05 0.01864867269539697 600 9.852216748768472
560 4.540638795168745e-05 0.012992104911576562 700 10.15965166908563
560 3.684900551629648e-05 0.037107299962203806 800 10.554089709762533
570 7.73095531238338e-05 0.1456338964277525 100 9.523809523809524
570 9.934457484286068e-05 0.12026187269543262 200 9.75609756097561
570 0.00010232912400818946 0.11257262335105274 300 10.676156583629894
570 8.506118334822858e-06 0.08624648076203342 400 10.498687664041995
570 1.442769548647301e-05 0.028790064235917484 500 10.080645161290322
570 5.067880100159823e-05 0.01843249393113184 600 9.852216748768472
570 3.9989399831063846e-05 0.01558467921992394 700 10.189228529839884
570 3.518085122585282e-05 0.040309812199363006 800 10.596026490066226
580 9.700554872684351e-05 0.17354267912235552 100 9.25925925925926
580 0.000105000892935702 0.12364272520824207 200 9.852216748768473
580 9.299182957011511e-05 0.11164306351764215 300 10.676156583629894
580 1.875865092564015e-05 0.08188778406385692 400 10.362694300518134
580 1.8730520217613855e-05 0.0271522217738032 500 10.060362173038229
580 5.246106297811325e-05 0.01823608787430113 600 9.852216748768472
580 4.0937087971164544e-05 0.018409236841522812 700 10.23391812865497
580 3.082797993820864e-05 0.04355162078578088 800 10.624169986719789
590 9.64361862460558e-05 0.19780451211610628 100 9.009009009009008
590 0.00011547549230699144 0.12895155072568337 200 9.950248756218905
590 8.317218914349814e-05 0.11178734320751346 300 10.638297872340425
590 3.497681614440037e-05 0.07105366027772338 400 10.204081632653061
590 1.374583169243052e-05 0.02511033741115452 500 10.020040080160319
590 6.197787434191494e-05 0.017224782679849573 600 9.852216748768472
590 3.884052968133398e-05 0.021959507075130075 700 10.263929618768328
590 3.243739327657015e-05 0.046890136920207805 800 10.652463382157123
600 0.00010711621285293295 0.21490165889969312 100 8.849557522123893
600 0.00011378068335010824 0.13478310291878234 200 10.050251256281406
600 7.889725086460813e-05 0.1117494761268989 300 10.600706713780918
600 3.4517833596068754e-05 0.057748593618772784 400 10.075566750629722
600 2.2170413222877166e-05 0.021711256044566838 500 9.92063492063492
600 6.682047414779098e-05 0.01618057026157579 600 9.868421052631579
600 4.5877801807097464e-05 0.02528300184244126 700 10.294117647058824
600 3.144758183651397e-05 0.049310317129367676 800 10.695187165775401
610 0.00010508634896963692 0.2217549860627218 100 8.695652173913043
610 0.00011863354603601291 0.13965048992291668 200 10.15228426395939
610 8.148961240310489e-05 0.1100524966060875 300 10.638297872340425
610 2.290104535149761e-05 0.048498342922114274 400 10.0
610 3.137605610526621e-05 0.020931968951902268 500 9.803921568627452
610 6.777244923176216e-05 0.015502273297916399 600 9.900990099009901
610 4.861622213362295e-05 0.028275224680746208 700 10.3397341211226
610 3.375310509234725e-05 0.052176259536825274 800 10.72386058981233
620 0.00015315252326580486 0.2168986985332489 100 8.695652173913043
620 0.00013161791318224472 0.14031436047068782 200 10.309278350515463
620 7.597001652163022e-05 0.1052072862588926 300 10.676156583629894
620 1.6226924842551097e-05 0.042258109550595065 400 10.0
620 2.739944559023379e-05 0.02290680431097571 500 9.727626459143968
620 7.05416685431112e-05 0.015904338053107734 600 9.933774834437084
620 4.9312416249336694e-05 0.030401295989113036 700 10.385756676557863
620 3.696044852423279e-05 0.053754916819497886 800 10.767160161507404
630 0.000131930997373061 0.20698779365238373 100 8.771929824561402
630 0.00015547697828084298 0.13892451585053117 200 10.471204188481675
630 6.857838187434622e-05 0.09916695418670689 300 10.75268817204301
630 1.584768357706957e-05 0.03703940848395833 400 10.0
630 4.0952230945828884e-05 0.027398701971852752 500 9.70873786407767
630 7.67097069230575e-05 0.017167327159527106 600 9.983361064891847
630 5.1909476125728986e-05 0.031891942596449514 700 10.447761194029852
630 3.7852100156580284e-05 0.05518094660533766 800 10.81081081081081
640 0.00012661680969667198 0.19310882527657738 100 8.928571428571427
640 0.0001702809540916841 0.1357570466729715 200 10.638297872340425
640 6.410424478412105e-05 0.09343720053548539 300 10.830324909747292
640 1.8689799197579477e-05 0.032986332351139555 400 10.025062656641603
640 4.766044982712367e-05 0.031770034612404865 500 9.727626459143968
640 6.796667676358543e-05 0.019134303469742975 600 10.03344481605351
640 5.1632876602133035e-05 0.03439052123889715 700 10.494752623688155
640 3.4239360689732695e-05 0.05669344828044319 800 10.869565217391303
650 0.00015148809520855447 0.17230585646442478 100 9.174311926605505
650 0.00016444582294226418 0.1268442600057164 200 10.869565217391303
650 4.577128806642928e-05 0.08692029922999704 300 10.869565217391305
650 1.8684657057861352e-05 0.029216526880716808 400 10.075566750629722
650 5.272951787949457e-05 0.03755005531747301 500 9.765625
650 6.48031304974793e-05 0.02272785262454139 600 10.1010101010101
650 4.9090714420092196e-05 0.03583562496349658 700 10.574018126888218
650 3.186149662513483e-05 0.05790320940076206 800 10.92896174863388
660 0.00018909296554392115 0.14983745143109858 100 9.433962264150942
660 0.00016432877363201472 0.11576856823916108 200 11.11111111111111
660 3.528923191587381e-05 0.08137227561048446 300 10.869565217391305
660 2.868503105079059e-05 0.027349390305571777 400 10.126582278481013
660 6.408216105814904e-05 0.043312205522799054 500 9.823182711198427
660 6.25677343271311e-05 0.026545902007637658 600 10.186757215619693
660 5.009275704282248e-05 0.0378358106895139 700 10.638297872340425
660 2.8954339678639733e-05 0.058898661571957105 800 11.004126547455295
670 0.0001787892097173531 0.12186718933242474 100 9.80392156862745
670 0.0001711649462207931 0.10061337150602528 200 11.299435028248588
670 2.8059591094998886e-05 0.07010976605314657 300 10.830324909747292
670 2.7946949112334576e-05 0.0256073862885254 400 10.178117048346055
670 7.35099203155766e-05 0.04987222669287466 500 9.881422924901186
670 6.26729593115539e-05 0.028848697833761143 600 10.256410256410257
670 4.991728002303544e-05 0.036639697920785155 700 10.719754977029098
670 3.1052861298698554e-05 0.058062672599330574 800 11.065006915629322
680 0.00022014099195090105 0.09532857381514774 100 10.1010101010101
680 0.00016889087867411493 0.08802082646360859 200 11.363636363636363
680 2.5238745780890607e-05 0.059368511306533214 300 10.79136690647482
680 3.494372830942406e-05 0.02663390816480462 400 10.230179028132993
680 7.587152026473453e-05 0.054698419956432986 500 9.92063492063492
680 6.270511618001604e-05 0.03025928267871627 600 10.344827586206897
680 5.0369120368372765e-05 0.036007337654787364 700 10.785824345146379
680 3.266864537904307e-05 0.05732448014770095 800 11.142061281337048
690 0.00020759911880433593 0.07200038453438448 100 10.526315789473685
690 0.00015403587999058004 0.0787575806845202 200 11.494252873563218
690 2.6830446681089614e-05 0.04779029470236983 300 10.714285714285714
690 3.363877588248736e-05 0.029662209500452494 400 10.256410256410257
690 8.039374959888363e-05 0.058254346188090195 500 9.9601593625498
690 6.005578845256103e-05 0.030558534815746875 600 10.416666666666666
690 4.755500172327351e-05 0.035050782042924424 700 10.852713178294573
690 3.296579569953628e-05 0.05704957607916741 800 11.204481792717086
700 0.0002057698226735538 0.054230457126757094 100 10.869565217391303
700 0.00012758147604014403 0.07203243033620674 200 11.560693641618496
700 4.649738233309861e-05 0.03138773572381964 300 10.600706713780918
700 3.388483019616151e-05 0.035535890356212206 400 10.282776349614394
700 8.625410837945594e-05 0.06176810708761729 500 10.020040080160319
700 5.638126847356869e-05 0.02963510639261089 600 10.489510489510488
700 4.8262267936087095e-05 0.03202340767167107 700 10.920436817472698
700 3.288622157841059e-05 0.05529765908423198 800 11.267605633802816
710 0.00019523909530640864 0.06105434950501182 100 11.363636363636363
710 0.00012108177279095623 0.07190685238789657 200 11.695906432748536
710 4.123797130587882e-05 0.02216495595213848 300 10.526315789473685
710 3.702811555731545e-05 0.048100436005795756 400 10.230179028132993
710 8.696600909092337e-05 0.06316710480988395 500 10.080645161290322
710 5.802226702829405e-05 0.028174521120551025 600 10.56338028169014
710 4.768330539671228e-05 0.030166340480367978 700 10.989010989010989
710 3.4807485509146e-05 0.05476977443451585 800 11.331444759206798
720 0.00020604527893256408 0.08844885973367422 100 11.764705882352942
720 0.00012408944481760796 0.07593165627746337 200 11.834319526627217
720 3.030631140776475e-05 0.022703168546727062 300 10.489510489510488
720 5.654929141025503e-05 0.06454417690628655 400 10.126582278481013
720 9.206888126773949e-05 0.06233425268720267 500 10.12145748987854
720 6.502104092977998e-05 0.02576756071262066 600 10.619469026548673
720 5.0653995827203194e-05 0.02994514569950715 700 11.041009463722396
720 3.6886217295907795e-05 0.05532795853294093 800 11.396011396011396
730 0.00017110125877747512 0.11777863077087365 100 12.19512195121951
730 9.666868105620499e-05 0.07984546244609675 200 11.904761904761905
730 4.0913338312055256e-05 0.029258699948065684 300 10.452961672473867
730 5.229745615410291e-05 0.07947036375359605 400 10.0
730 8.644738518000801e-05 0.06191870437124281 500 10.183299389002036
730 6.354839592929805e-05 0.02292687489880283 600 10.695187165775401
730 4.5078391611646605e-05 0.02873626248839202 700 11.09350237717908
730 3.2455460444732974e-05 0.055415797701520136 800 11.444921316165951
740 0.00020633068143605427 0.14267129074577675 100 12.658227848101266
740 8.774471953534887e-05 0.08312800683132827 200 11.976047904191617
740 4.0962123507957115e-05 0.03296736204370996 300 10.416666666666666
740 5.300273495254198e-05 0.08555450126158176 400 9.950248756218905
740 9.174714757290824e-05 0.05912479485963346 500 10.224948875255622
740 6.376789783348864e-05 0.020289496186570555 600 10.73345259391771
740 4.4529645953162745e-05 0.030604529881735683 700 11.146496815286623
740 3.274488053573321e-05 0.057855745298950836 800 11.494252873563218
750 0.0002389378271907633 0.16374046594273003 100 12.987012987012987
750 7.287911117958048e-05 0.08258248887374663 200 11.976047904191617
750 4.356680281774701e-05 0.03580225195850025 300 10.416666666666666
750 6.351628091052227e-05 0.08803284258641586 400 9.925558312655086
750 8.466269596722552e-05 0.05553280682189538 500 10.266940451745379
750 6.262456666352215e-05 0.01927326043933961 600 10.79136690647482
750 4.112227096482841e-05 0.03414737641725943 700 11.182108626198083
750 2.9987106269483084e-05 0.061054475309283596 800 11.544011544011545
760 0.0002439687728282093 0.1769443855789494 100 13.157894736842104
760 7.467831726362864e-05 0.07426134685414934 200 11.834319526627217
760 5.2845624306168644e-05 0.040950323422620095 300 10.344827586206897
760 7.28815512417694e-05 0.08983356232894492 400 9.9009900990099
760 7.998029158087453e-05 0.05160150351777138 500 10.288065843621398
760 6.098431200164743e-05 0.018692388553418194 600 10.830324909747292
760 4.166749412404445e-05 0.03765233512885198 700 11.217948717948717
760 3.248668727494848e-05 0.06467539752854368 800 11.577424023154846
770 0.00022612221617333587 0.16832947000644682 100 12.987012987012987
770 7.906239330113638e-05 0.04988570372770388 200 11.363636363636363
770 6.6206176599694e-05 0.04760236897493147 300 10.273972602739725
770 9.315312401143116e-05 0.09199567389256134 400 9.852216748768473
770 7.764341707331518e-05 0.04845965287038051 500 10.330578512396693
770 6.0749316916461455e-05 0.020294069666491964 600 10.849909584086799
770 4.1109694458970976e-05 0.04175786294051858 700 11.254019292604502
770 3.35769615668828e-05 0.06852439496434232 800 11.611030478955007
780 0.0001441824998757026 0.13987957082213284 100 12.658227848101266
780 0.00012037574227497025 0.027632892944178457 200 10.92896174863388
780 8.379225156809586e-05 0.0566424401181923 300 10.169491525423728
780 9.737310020265724e-05 0.09417264477853989 400 9.828009828009828
780 7.139872535522477e-05 0.04601127947019362 500 10.351966873706003
780 5.444569504400449e-05 0.024111901131226243 600 10.869565217391305
780 3.617157711266094e-05 0.046953069197501064 700 11.272141706924316
780 3.194345097777429e-05 0.07287867820441134 800 11.627906976744187
790 0.00010444904320485362 0.10394869581427518 100 12.048192771084336
790 0.00015308302603216328 0.0419817839478245 200 10.416666666666664
790 8.010096034000108e-05 0.06899634450049351 300 10.03344481605351
790 0.00010492799161549644 0.09459907460885418 400 9.779951100244498
790 6.391501452673549e-05 0.044733011551858756 500 10.373443983402488
790 5.267137891563985e-05 0.029539667127118006 600 10.88929219600726
790 3.3423519693822686e-05 0.05351556443026111 700 11.290322580645162
790 3.297964348783206e-05 0.07767767030514636 800 11.644832605531295
800 0.00010992457974372786 0.07192335856692654 100 11.764705882352942
800 0.0001280432163705869 0.07280017670833677 200 9.950248756218905
800 9.43752008748403e-05 0.10007549157729524 300 9.74025974025974
800 0.00010698174748230501 0.09412169761804556 400 9.75609756097561
800 6.745105674596409e-05 0.04555396657526427 500 10.373443983402488
800 4.990146188502589e-05 0.03664457899437366 600 10.88929219600726
800 3.199523360864792e-05 0.06085213868208543 700 11.308562197092083
800 3.2089723478257775e-05 0.08147979374260751 800 11.611030478955007
810 9.607569495708135e-05 0.04307626105444621 100 11.363636363636363
810 0.00012463892246824501 0.09492118118454425 200 9.661835748792269
810 9.209680791019623e-05 0.13001344460491193 300 9.404388714733543
810 0.0001000547136805127 0.09374202441856266 400 9.732360097323602
810 6.726729018981209e-05 0.04909140714263789 500 10.395010395010395
810 4.453112686011992e-05 0.044707343890605815 600 10.88929219600726
810 2.99313288536165e-05 0.06892490194866832 700 11.308562197092083
810 3.359691766075158e-05 0.078281624664506 800 11.510791366906474
820 0.00013414933120840526 0.017792699629361232 100 11.11111111111111
820 0.00015201480226317726 0.11102383612440743 200 9.47867298578199
820 9.682925991577765e-05 0.14273840779951513 300 9.202453987730062
820 0.00010778231584450365 0.09379109017716272 400 9.70873786407767
820 6.461171291568767e-05 0.05380725181361389 500 10.395010395010395
820 3.909634149340872e-05 0.05285318641134221 600 10.909090909090908
820 3.1647870281870464e-05 0.07653928724688511 700 11.326860841423947
820 3.864486845829507e-05 0.07099703604378868 800 11.267605633802816
830 0.0001893824004580791 0.015834917101952478 100 10.75268817204301
830 0.0001610108101225172 0.12536885517644117 200 9.345794392523363
830 0.00010451251447307316 0.14946833375265828 300 9.118541033434651
830 9.578518001951952e-05 0.09405298441054878 400 9.732360097323602
830 6.52879188179428e-05 0.057672871148036486 500 10.416666666666666
830 3.908481349803636e-05 0.060246792125131406 600 10.909090909090908
830 2.8819671439085216e-05 0.08320266185803413 700 11.345218800648297
830 3.9589328119448485e-05 0.0768310742121395 800 11.11111111111111
840 0.0002621240371634512 0.06999030399659097 100 10.204081632653061
840 0.00015704753637636057 0.13517485334348117 200 9.25925925925926
840 0.0001129746837574715 0.15269342512836961 300 9.090909090909092
840 9.085500821910984e-05 0.09242234161977408 400 9.75609756097561
840 6.405284619168946e-05 0.05971289341543622 500 10.4384133611691
840 4.006341973409512e-05 0.0656189059714049 600 10.94890510948905
840 2.8015302473684858e-05 0.08856539999411162 700 11.382113821138212
840 3.584605203620588e-05 0.08034575823037382 800 11.03448275862069
850 0.00027589297140561905 0.11955534335543262 100 9.70873786407767
850 0.00016535684976601978 0.13764741232277125 200 9.216589861751151
850 0.00011899290120812984 0.15187997314677643 300 9.090909090909092
850 8.605075708870044e-05 0.08821527572302852 400 9.80392156862745
850 5.799011871584335e-05 0.05906048719930892 500 10.504201680672269
850 4.0229086312095645e-05 0.06862421350800317 600 11.009174311926605
850 2.9531580777152176e-05 0.09236735454371506 700 11.419249592169656
850 3.609246166698934e-05 0.08419234534002658 800 10.973936899862824
860 0.0003195875270828291 0.14935949915564195 100 9.433962264150942
860 0.00015587072150306412 0.1383609378278784 200 9.216589861751151
860 0.00011218010683969006 0.14952925896726676 300 9.118541033434651
860 7.240997960166993e-05 0.08493874910272967 400 9.9009900990099
860 4.929735849851864e-05 0.05928642539673405 500 10.570824524312895
860 3.4693902049579e-05 0.0724636387635965 600 11.07011070110701
860 3.674428682911969e-05 0.09555964083679742 700 11.494252873563218
870 0.000321474999235851 0.18161635022138384 100 9.009009009009008
870 0.00012170466405502055 0.14340446656181183 200 9.174311926605505
870 0.00011704000257409279 0.14648992780003645 300 9.146341463414632
870 6.29209885786298e-05 0.08090320440736028 400 9.975062344139651
870 4.772915058712693e-05 0.058519237101767055 500 10.638297872340425
870 3.400533583529168e-05 0.07532225911551166 600 11.131725417439702
870 3.8372683374090136e-05 0.09819006425105233 700 11.532125205930807
880 0.00029006349431641583 0.20685393244892603 100 8.620689655172413
880 0.0001141575968436504 0.16672001241942816 200 9.009009009009008
880 0.00011564060533576494 0.1432571849795268 300 9.174311926605505
880 6.073117147860681e-05 0.07841524421686373 400 10.025062656641603
880 4.351253771186423e-05 0.06008999809022086 500 10.683760683760683
880 3.194490925459389e-05 0.07939116601982989 600 11.194029850746269
880 3.776389065343471e-05 0.10007897445227207 700 11.570247933884298
890 0.0002403338217887291 0.22189762908561558 100 8.403361344537815
890 0.00012583490620234292 0.19979129289292158 200 8.73362445414847
890 0.0001097628557766117 0.13895063296956925 300 9.202453987730062
890 6.105328415203401e-05 0.07744891957784117 400 10.1010101010101
890 4.0216358988857334e-05 0.06382905597424975 500 10.729613733905579
890 2.9598981302058746e-05 0.08523438256864116 600 11.235955056179774
890 3.754660098650133e-05 0.10038796117689058 700 11.570247933884298
900 0.00022292383951097672 0.2307438360729398 100 8.264462809917354
900 9.491070309768393e-05 0.21373597404943095 200 8.51063829787234
900 0.00010923732489803236 0.1345735703960065 300 9.25925925925926
900 5.879613822478607e-05 0.07726122850734077 400 10.15228426395939
900 3.497026944741447e-05 0.06897402852834313 500 10.775862068965516
900 3.0424191567254842e-05 0.09187181836951017 600 11.278195488721805
900 3.970433918169528e-05 0.09132322122797272 700 11.419249592169656
910 0.00018936042614090226 0.2360483215993684 100 8.130081300813007
910 9.044707995077148e-05 0.2180259761093798 200 8.403361344537815
910 0.00011714498342412253 0.12943314498979944 300 9.287925696594426
910 6.220287473708624e-05 0.07717860482290771 400 10.204081632653061
910 3.209506673684183e-05 0.07395914778789374 500 10.822510822510822
910 2.7299906896514168e-05 0.09782415074259851 600 11.320754716981131
910 4.825401880446777e-05 0.08587558734734332 700 11.217948717948717
920 0.00014361058394996468 0.24125482901058715 100 8.130081300813007
920 8.74828211527669e-05 0.2211404184361416 200 8.403361344537815
920 0.00010092553389260084 0.12609070313816212 300 9.345794392523365
920 6.246381132592108e-05 0.07675576482578655 400 10.256410256410257
920 3.13673910947484e-05 0.0771272282046293 500 10.893246187363832
920 2.636899250319301e-05 0.10097857707263053 600 11.406844106463877
920 5.658757102540897e-05 0.08877532499527055 700 11.128775834658187
930 8.787374018869493e-05 0.24614177641648016 100 8.264462809917354
930 0.00010764036059037915 0.22664851327485117 200 8.47457627118644
930 9.362215173036402e-05 0.1254303916141615 300 9.46372239747634
930 6.190053159100108e-05 0.07561769996936053 400 10.38961038961039
930 3.595609867831293e-05 0.07791851819548334 500 10.989010989010989
930 3.072264558137361e-05 0.10225215404141542 600 11.494252873563218
930 6.374813178543195e-05 0.08792519028860976 700 11.128775834658187
940 9.108158910687842e-05 0.24344609397299904 100 8.403361344537815
940 0.0001369787619443913 0.2283442271896969 200 8.583690987124463
940 9.472579134869514e-05 0.12074939093805143 300 9.615384615384615
940 6.458718174303033e-05 0.06874126935361542 400 10.526315789473685
940 3.384453673207625e-05 0.07380044001223719 500 11.11111111111111
940 2.8974409486393904e-05 0.09957743004191999 600 11.60541586073501
940 5.7941077769860775e-05 0.08557705830934945 700 11.146496815286623
950 7.6527478017956e-05 0.23264822145058559 100 8.620689655172413
950 0.0001502716174244767 0.2242620547916364 200 8.73362445414847
950 9.358810280483696e-05 0.1113871748208791 300 9.771986970684038
950 7.041798220199923e-05 0.05887114146440437 400 10.666666666666666
950 4.3800471289226016e-05 0.0693221996686475 500 11.235955056179776
950 3.854058392673229e-05 0.09713523496983922 600 11.71875
950 6.056012930520724e-05 0.08583194024286463 700 11.146496815286623
960 7.055755831398963e-05 0.22105603478775293 100 8.849557522123893
960 0.00015932479727675538 0.21767714922818265 200 8.849557522123893
960 0.00010465241582869174 0.10164252168252196 300 9.933774834437084
960 7.579958463760436e-05 0.0520707812045525 400 10.78167115902965
960 5.57103084692059e-05 0.0688267612040546 500 11.363636363636363
960 5.269461690106138e-05 0.09768191896705168 600 11.834319526627219
960 6.256501077526394e-05 0.08870784602255098 700 11.146496815286623
970 7.410147720581152e-05 0.20445281354104305 100 9.009009009009008
970 0.00017724200570443314 0.20499987221171864 200 8.968609865470851
970 0.00010350893197658149 0.08745363028861709 300 10.1010101010101
970 7.771998834606034e-05 0.04374065538478081 400 10.92896174863388
970 5.739349146623914e-05 0.0687766404744447 500 11.494252873563218
970 5.7855014550686076e-05 0.09864336715090317 600 11.952191235059761
980 0.00010125652612288383 0.17929346729904513 100 9.25925925925926
980 0.00017972777507681295 0.18643112906878037 200 9.174311926605505
980 9.823353884016658e-05 0.07213527750144799 300 10.273972602739725
980 8.165320858906162e-05 0.04342981119181984 400 11.080332409972298
980 6.755690773685968e-05 0.07510819819876159 500 11.627906976744185
980 6.743285635903478e-05 0.10389212427039304 600 12.072434607645874
990 9.179003213324951e-05 0.1673109265060459 100 9.345794392523363
990 0.00017933680940148303 0.16416505816026658 200 9.345794392523363
990 0.0001000608548952332 0.055229335677410125 300 10.452961672473867
990 7.876455224308678e-05 0.04565575708742757 400 11.235955056179774
990 6.279344501458975e-05 0.08109879237689689 500 11.792452830188678
990 6.711560083019614e-05 0.10849316247839556 600 12.195121951219512
1000 0.0001264609918833426 0.18547407513790692 100 9.174311926605505
1000 0.00017934087008747099 0.14281026988624398 200 9.523809523809524
1000 0.00010462690834040456 0.0409575553883506 300 10.638297872340425
1000 7.999635017823943e-05 0.05141477087874156 400 11.396011396011396
1000 6.37339714243804e-05 0.08915305497197328 500 11.904761904761905
1000 6.370552648600284e-05 0.11259264980913043 600 12.269938650306747
1010 0.00013832733251891382 0.21850609692416664 100 8.928571428571427
1010 0.00019098191297602075 0.12459591855419216 200 9.661835748792269
1010 0.00010778573247510151 0.03233819780442409 300 10.79136690647482
1010 8.01778039823004e-05 0.059131417459007816 400 11.527377521613833
1010 6.143497401422847e-05 0.09610676435959732 500 12.048192771084338
1010 6.170960566083418e-05 0.11282090855637648 600 12.295081967213113
1020 0.00010678411551986075 0.2411520361035161 100 8.695652173913043
1020 0.00018831092845232616 0.10991709777151532 200 9.75609756097561
1020 0.00010631223490725296 0.03149220609765743 300 10.94890510948905
1020 7.571584602504549e-05 0.0672938179656567 400 11.627906976744187
1020 5.9075867171560483e-05 0.10378298869889213 500 12.135922330097086
1020 6.813504600261046e-05 0.10434375103432644 600 12.170385395537524
1030 0.0001407526258800468 0.24866638125267493 100 8.620689655172413
1030 0.00019467911775172903 0.0979910105288977 200 9.9009900990099
1030 0.00010346162099408842 0.035303300231686374 300 11.07011070110701
1030 7.004615749123972e-05 0.0750257957841358 400 11.730205278592376
1030 5.570350889611113e-05 0.11074755588641784 500 12.224938875305622
1030 8.289270866498632e-05 0.10318073152776387 600 11.952191235059761
1040 0.00018776112632839227 0.2465631879179572 100 8.620689655172413
1040 0.00017300090235176352 0.08407607805287128 200 10.0
1040 0.00010424875702098925 0.0405793014764152 300 11.194029850746269
1040 6.682692195732698e-05 0.08247004343554583 400 11.834319526627217
1040 5.384744065895773e-05 0.11661900754526658 500 12.345679012345679
1040 8.349358874958067e-05 0.11142039582462845 600 11.834319526627219
1050 0.00022240199643183884 0.24049461985104595 100 8.620689655172413
1050 0.0001516421050441925 0.07174857375762177 200 10.15228426395939
1050 9.542781985407132e-05 0.0494016808060588 300 11.320754716981131
1050 6.465151731865723e-05 0.09120417010580162 400 11.940298507462687
1050 5.313166584678182e-05 0.12424297409862349 500 12.43781094527363
1050 8.658927115116044e-05 0.11733073025896057 600 11.764705882352942
1060 0.0002620048440660682 0.23335662211473807 100 8.695652173913043
1060 0.00014108167845136859 0.05915881404958689 200 10.309278350515463
1060 9.251507013630305e-05 0.05850445777543443 300 11.450381679389311
1060 6.36395315976194e-05 0.09982180448562941 400 12.048192771084336
1060 5.5055824282672257e-05 0.13155402263682311 500 12.531328320802004
1060 8.09193317653716e-05 0.12308573166381692 600 11.71875
1070 0.00025399621996306137 0.2241328747734605 100 8.771929824561402
1070 0.00013111111645717433 0.047981498680831916 200 10.471204188481675
1070 8.928740398524886e-05 0.06775647287578489 300 11.583011583011581
1070 6.841525132722977e-05 0.10833500643958581 400 12.158054711246201
1070 6.311945258388701e-05 0.13845545645513965 500 12.626262626262626
1070 7.775622128226815e-05 0.13130420211942878 600 11.627906976744185
1080 0.00028912249505969447 0.2098211843617631 100 8.849557522123893
1080 0.00012010259738107895 0.03854481838970643 200 10.695187165775401
1080 8.039389233413924e-05 0.07675469990182701 300 11.71875
1080 6.113759765260854e-05 0.11556814844681376 400 12.307692307692308
1080 6.791827514166453e-05 0.14394502663375733 500 12.755102040816325
1090 0.0003051157105487814 0.18646613926188324 100 9.009009009009008
1090 0.00011651948887578366 0.03253591046708403 200 10.869565217391303
1090 7.75627384821108e-05 0.08611049847752784 300 11.904761904761903
1090 6.350303528284592e-05 0.12393801915534519 400 12.461059190031152
1090 6.955594561916645e-05 0.14970828332303518 500 12.853470437017993
1100 0.00032216948751640975 0.14776163712710566 100 9.345794392523363
1100 0.0001152366079163376 0.03470466201341235 200 11.173184357541897
1100 6.923450446872887e-05 0.09917459998848364 300 12.096774193548386
1100 5.555595998938423e-05 0.13356548353987077 400 12.658227848101266
1100 6.062868112061246e-05 0.1551670941179097 500 12.987012987012987
1110 0.00028209743371527206 0.10370905312354271 100 9.80392156862745
1110 0.00010445729839833365 0.05421307727629287 200 11.560693641618496
1110 7.10562028337235e-05 0.11448167466382225 300 12.396694214876032
1110 6.73786612172828e-05 0.14623355922485712 400 12.861736334405144
1110 7.001722167375481e-05 0.16161312612742185 500 13.157894736842104
1120 0.0002674186680434923 0.05328873118559372 100 10.309278350515463
1120 0.00011418075055702904 0.0825037424113926 200 11.976047904191617
1120 7.957626966667885e-05 0.13435229941301974 300 12.658227848101264
1120 7.256868974158443e-05 0.160655570917711 400 13.114754098360656
1120 7.633477677842587e-05 0.16769738722812033 500 13.26259946949602
1130 0.0002729882752342172 0.013248909231199903 100 10.869565217391303
1130 0.00011195091876739933 0.11078957511195611 200 12.345679012345679
1130 7.499518891360021e-05 0.15252009174892797 300 12.93103448275862
1130 7.224283983579946e-05 0.17508785329373938 400 13.333333333333334
1130 7.753122379358613e-05 0.1678531426323245 500 13.26259946949602
1140 0.00027586546943781694 0.038340441345541425 100 11.235955056179774
1140 9.458122597273222e-05 0.13366664908933493 200 12.658227848101266
1140 7.600875972992572e-05 0.1670585144926597 300 13.157894736842104
1140 7.396630528313738e-05 0.1859259345137723 400 13.559322033898304
1140 9.407046630116643e-05 0.1647279162181348 500 13.054830287206265
1150 0.00020161261862990733 0.06753763096587866 100 11.627906976744187
1150 8.688066555261937e-05 0.15177681490829845 200 12.903225806451612
1150 8.631455207516278e-05 0.17857316996721223 300 13.333333333333334
1150 8.216969375676531e-05 0.19549860404977004 400 13.6986301369863
1150 0.00010352102909117309 0.17424148300314848 500 12.820512820512821
1160 0.00013498933859191234 0.09468726109970164 100 11.904761904761905
1160 6.755054123612292e-05 0.16624691810696812 200 13.157894736842104
1160 8.483291096504189e-05 0.1880397816714827 300 13.513513513513512
1160 8.135387216482095e-05 0.20348419158929365 400 13.840830449826989
1160 0.00011421960190284766 0.18242649803890465 500 12.690355329949236
1170 6.0750631990624126e-05 0.12041250171383883 100 12.345679012345679
1170 5.930137652131175e-05 0.18198214795940332 200 13.333333333333334
1170 0.00010185291422468097 0.19745585179467873 300 13.6986301369863
1170 8.691695027708375e-05 0.2112009549668285 400 13.986013986013985
1170 0.00011732250678756548 0.1874157398107856 500 12.594458438287154
1180 6.447324195201279e-05 0.1505565442223727 100 12.658227848101266
1180 6.652197049346338e-05 0.19523721849112236 200 13.605442176870747
1180 0.00010501202371576786 0.2076853970193697 300 13.824884792626726
1180 9.313757394628129e-05 0.219373354655776 400 14.08450704225352
1180 0.00011299083523052107 0.19558312702497602 500 12.468827930174562
1190 6.186569900140564e-05 0.1739878604152464 100 13.157894736842104
1190 8.921383478982861e-05 0.20774620189584184 200 13.793103448275861
1190 0.00011324238051856422 0.21544834391496429 300 14.018691588785046
1190 0.0001247493192620302 0.22510965440297617 400 14.234875444839856
1200 0.00012695455456616283 0.1953963019548227 100 13.513513513513512
1200 0.00012464197061156274 0.2169393639012199 200 13.986013986013985
1200 0.00014109688730984683 0.22309472697649688 300 14.150943396226413
1200 0.00013606076224264029 0.229228053184755 400 14.285714285714286
1210 0.00013284980646161197 0.21336207731299017 100 13.6986301369863
1210 0.00014253778841835267 0.22419216820048798 200 14.08450704225352
1210 0.0001416016779592799 0.2284190095358348 300 14.285714285714286
1210 0.00013263160198717799 0.22794255116332832 400 14.285714285714286
1220 8.656109697229733e-05 0.22643930965247464 100 13.88888888888889
1220 0.00014060316428264654 0.22903070485853985 200 14.184397163120567
1220 0.00014047170068199808 0.23363343230673952 300 14.354066985645932
1220 0.00013201410150727935 0.21187089153233787 400 13.986013986013985
1230 0.00014155476497377845 0.2357342594175359 100 14.08450704225352
1230 0.00016767146773587376 0.2323334463402415 200 14.285714285714286
1230 0.00016724744829918427 0.23758656776643652 300 14.423076923076923
1230 0.00015279442741986205 0.19493085362819199 400 13.333333333333334
1240 8.349036050969142e-05 0.23978461907964896 100 14.285714285714286
1240 0.0001566515648982261 0.2354823149986227 200 14.285714285714286
1240 0.0001340129107478878 0.24013516790190081 300 14.492753623188404
1240 0.00015314744150360832 0.20272237817205468 400 12.861736334405144
1250 7.616288240782536e-05 0.24360915914073586 100 14.285714285714286
1250 0.00014728731431061734 0.23595344137468735 200 14.388489208633093
1250 0.00010808693648905648 0.24291607958687705 300 14.492753623188404
1250 0.0001433083314700443 0.20398005921304693 400 12.578616352201257
1260 0.00010018410686621966 0.24278721089978736 100 14.285714285714286
1260 0.00014694469110855285 0.23614891882544892 200 14.388489208633093
1260 0.00012091990739133652 0.24235981522724354 300 14.563106796116504
1260 0.0001269201881493612 0.21019821411605405 400 12.232415902140671
1270 0.000120467766564709 0.24012190076355983 100 14.285714285714286
1270 0.00014545305497630468 0.23648367462101696 200 14.388489208633093
1270 0.000135667338145781 0.24191771751368543 300 14.492753623188404
1280 0.00015743155785735098 0.23964140277051663 100 14.08450704225352
1280 0.0001433001052778896 0.23748533079253278 200 14.388489208633093
1280 0.00013671878314241412 0.23520667755957983 300 14.423076923076923
1290 0.00019208491398652793 0.23579927427212447 100 14.08450704225352
1290 0.0001672830501135507 0.23890158985353094 200 14.388489208633093
1290 0.00014201201587843546 0.20969731301398847 300 13.953488372093023
1300 0.00020128277009729962 0.2325713190092767 100 14.08450704225352
1300 0.0001735347571848582 0.24036442336124403 200 14.388489208633093
1300 0.0001600545327845272 0.18390794958770318 300 12.93103448275862
1310 0.00022858709972354606 0.23123677354031233 100 14.08450704225352
1310 0.00016121876330036717 0.24086297768025475 200 14.492753623188404
1310 0.00017574741490734933 0.19284542356694642 300 12.345679012345679
1320 0.00022890736597873864 0.23180593947715322 100 14.08450704225352
1320 0.00012876107916214214 0.24358054820033698 200 14.492753623188404
1320 0.00016873853114370054 0.19402983165033139 300 12.0
1330 0.00019930548631804615 0.23428025034662694 100 14.08450704225352
1330 0.00016282956765392427 0.24560993622933186 200 14.492753623188404
1330 0.0001367186197374912 0.20486777544606963 300 11.538461538461538
1340 0.0002081841629212541 0.23983461785362664 100 14.08450704225352
1340 0.00016316555724742662 0.24500993876901347 200 14.492753623188404
1350 0.00016066619982597067 0.24328937197265854 100 14.285714285714286
1350 0.0001318228075150421 0.23622233474048257 200 14.285714285714286
1360 0.0001738043527156535 0.25069067452118543 100 14.285714285714286
1360 0.00012577730568242204 0.1951327321723816 200 13.605442176870747
1370 0.00016142256863076976 0.25277360838838314 100 14.492753623188404
1370 0.00014761018284471626 0.16336102172778832 200 12.269938650306749
1380 0.00010603323027970796 0.25799445876694593 100 14.492753623188404
1380 0.0001654892505878348 0.18330008534654005 200 11.494252873563218
1390 5.7255005136402933e-05 0.2614948801650889 100 14.492753623188404
1390 0.0001584673417568683 0.19074084157708082 200 11.049723756906076
1400 0.00013006741484498918 0.26186593333322417 100 14.492753623188404
1410 0.00012667220852045823 0.25273141923096154 100 14.492753623188404
1420 0.00011568268756234692 0.22370116075479055 100 13.88888888888889
1430 0.00011964844955823468 0.11603558129295967 100 12.19512195121951
1440 0.0002064950903278247 0.16969409392569126 100 10.1010101010101
1450 0.00026821639069922904 0.22125763863577397 100 9.25925925925926
1460 0.0002510701231431453 0.26672132543185234 100 8.547008547008547
