0 0.030249319596762518 1.614498953715693 100 8.47457627118644
0 0.010075864751366587 1.6625619986657656 200 9.433962264150942
0 0.0006380958317607067 1.327864653244597 300 10.416666666666666
0 0.0005508126248267607 0.9217826649748825 400 10.471204188481675
0 0.0008844423401165936 0.7456685834646081 500 10.416666666666666
0 0.0028580063024384495 0.75939790858461 600 10.416666666666666
0 0.0009438149713697979 0.8453675083087051 700 10.27900146842878
0 0.0004543483895726242 0.7221679217084888 800 10.282776349614394
10 0.025673548442829687 1.4651711114569488 100 9.009009009009008
10 0.007630772314603426 1.5094350006632857 200 9.75609756097561
10 0.0012969760434202835 1.1010790258764258 300 10.714285714285714
10 0.0014280377630721064 0.668839366382297 400 10.666666666666666
10 9.312628266073046e-05 0.4611142427507985 500 10.570824524312895
10 0.0021131068633042306 0.46178556157892614 600 10.544815465729348
10 0.00018001717062644085 0.5378724191738222 700 10.37037037037037
10 0.0010143109772692335 0.4167986542076831 800 10.376134889753565
20 0.018733002885177076 1.0819435329122467 100 9.615384615384615
20 0.003971533955607464 1.1313876294353538 200 10.0
20 0.0038317373677643827 0.6525992284501175 300 10.94890510948905
20 0.0030019516641609932 0.24179512421054183 400 10.81081081081081
20 0.0013051768679462066 0.08276234366850786 500 10.70663811563169
20 0.0009864228544644658 0.05577989782142748 600 10.657193605683835
20 0.0010537443896490818 0.04264675593862555 700 10.447761194029852
20 0.0018809964281625224 0.12073430480067873 800 10.471204188481675
30 0.015040821925328346 0.8951709729706973 100 10.1010101010101
30 0.0015752753306368472 0.8830083321500148 200 10.256410256410257
30 0.005312417940058869 0.37944413749958905 300 11.194029850746269
30 0.003809615636311407 0.11979964007664258 400 10.92896174863388
30 0.0019514868042937853 0.27670850502316613 500 10.822510822510822
30 0.0004176539880091928 0.2804117013584766 600 10.75268817204301
30 0.0018095269539509437 0.24460266533560038 700 10.510510510510509
30 0.0023422009084356583 0.34908306664994176 800 10.554089709762533
40 0.013291278403504947 0.8503543301012233 100 10.638297872340425
40 0.0011410516261901333 0.7692187238947059 200 10.471204188481675
40 0.006219947393049915 0.2526770175857196 300 11.406844106463877
40 0.004248280091164263 0.20461056202472064 400 11.019283746556473
40 0.0022162498921975194 0.39022349749117985 500 10.917030567685588
40 0.00026780496485877866 0.38971066708552227 600 10.830324909747292
40 0.002304732664924141 0.3773429369537815 700 10.542168674698795
40 0.002562856046863295 0.4661242822343859 800 10.624169986719789
50 0.009672825549060826 0.6625553009326827 100 10.989010989010989
50 0.003712040151360464 0.48183184259664535 200 10.638297872340425
50 0.007934902537761052 0.0935744463039788 300 11.538461538461538
50 0.005293106029624932 0.44079962945389317 400 11.080332409972298
50 0.0028514027456705876 0.6239393484975302 500 10.989010989010989
50 0.0006252462699267571 0.6227007002311533 600 10.88929219600726
50 0.0029773037357610325 0.6353597039699611 700 10.558069381598793
50 0.0030149356652406254 0.6905385664065886 800 10.680907877169558
60 0.005880919848055947 0.44873623678740904 100 11.363636363636363
60 0.0064101183447998365 0.22074866130705964 200 10.81081081081081
60 0.009459843976806255 0.3529422769749639 300 11.627906976744185
60 0.006363797208401463 0.6906023185710787 400 11.080332409972298
60 0.00372581601108431 0.8495832313780046 500 11.013215859030836
60 0.0009941717559255213 0.8440670634442746 600 10.909090909090908
60 0.0035387190049354293 0.8782727760261815 700 10.558069381598793
60 0.0034672195092851437 0.8951325866455428 800 10.72386058981233
70 0.003266960735407901 0.3636767894428275 100 11.494252873563218
70 0.008182173817940558 0.23452227292202488 200 10.92896174863388
70 0.010139553669941332 0.5244340671895419 300 11.627906976744185
70 0.006842371246187933 0.8330158249858242 400 11.080332409972298
70 0.0037622989538641754 0.9775396411372705 500 10.964912280701753
70 0.0010845580624510545 0.95523128021168 600 10.909090909090908
70 0.0038151722910859187 1.0028538544913468 700 10.558069381598793
70 0.003701008702061914 0.9973795168001707 800 10.767160161507404
80 0.0011878578984307001 0.34969181857261183 100 11.494252873563218
80 0.009647789575445915 0.3064642196709292 200 11.049723756906076
80 0.01020000114004694 0.6153770034220243 300 11.583011583011581
80 0.0068236737121217675 0.9090853892123987 400 11.049723756906076
80 0.003136284745447017 1.0303452584007753 500 10.940919037199125
80 0.0011227461053637412 0.9945486722312148 600 10.88929219600726
80 0.004127019424403148 1.048918558472696 700 10.558069381598793
80 0.0037842120158657843 1.0363963079396072 800 10.79622132253711
90 0.0015612070125196672 0.3206701105090468 100 11.494252873563218
90 0.011172129168912361 0.40071807994921144 200 11.235955056179774
90 0.010176420447444491 0.7111508847923512 300 11.538461538461538
90 0.0066697700910048775 0.9828545313570399 400 11.049723756906076
90 0.003117127033851315 1.0841943463955697 500 10.917030567685588
90 0.001345507611778935 1.0397048546006133 600 10.849909584086799
90 0.004447600253071749 1.09559382194901 700 10.558069381598793
90 0.0038942470644417622 1.0766156730446585 800 10.825439783491204
100 0.003948024691409311 0.2752318570692748 100 11.235955056179774
100 0.012482013006471847 0.5318934782559187 200 11.428571428571429
100 0.010363629079930072 0.831109295993011 300 11.450381679389311
100 0.006493169278297481 1.0740860962919025 400 11.019283746556473
100 0.0031627523192245917 1.1511524712858938 500 10.917030567685588
100 0.002162952306054447 1.106740222879624 600 10.771992818671453
100 0.004392558074119206 1.1562042556419285 700 10.558069381598793
100 0.003807907889607346 1.127533807194717 800 10.854816824966079
110 0.008560904881611995 0.273978046181663 100 10.869565217391303
110 0.013811807797526561 0.6818610083448639 200 11.560693641618496
110 0.0101216967259519 0.9466938590802977 300 11.406844106463877
110 0.00659154134327237 1.1608366653375561 400 11.019283746556473
110 0.0029442579655522333 1.2174834577902902 500 10.917030567685588
110 0.003425448433485636 1.184366455304882 600 10.695187165775401
110 0.004260977879753336 1.2139790287416212 700 10.574018126888218
110 0.003726743930754938 1.1788778920561915 800 10.854816824966079
120 0.01051064540202881 0.3663052303778813 100 10.416666666666664
120 0.014753207050525883 0.8011152663156258 200 11.695906432748536
120 0.01032797614913195 1.0542852655542467 300 11.278195488721805
120 0.006427239374289328 1.2317711382466228 400 11.019283746556473
120 0.0026237345625581203 1.2687230503898397 500 10.893246187363832
120 0.004169963265939539 1.2540105117238978 600 10.600706713780918
120 0.004174888977532434 1.255430082778253 700 10.59001512859304
120 0.003332420596781049 1.218528010311528 800 10.825439783491204
130 0.013335306154355494 0.46500579215431115 100 10.204081632653061
130 0.015662130042730548 0.8855390708951493 200 11.764705882352942
130 0.010058598091810695 1.1386113069062174 300 11.152416356877323
130 0.006147769028060865 1.2907000213181867 400 10.95890410958904
130 0.002594348652964916 1.2998413689378008 500 10.845986984815617
130 0.00476987426972005 1.2972692690846777 600 10.526315789473685
130 0.0041585175196666956 1.276653323815341 700 10.59001512859304
130 0.0019869850608927103 1.235041697149817 800 10.79622132253711
140 0.01721774480589497 0.590048605995384 100 10.1010101010101
140 0.014600585002477889 0.9721596341646526 200 11.695906432748536
140 0.010296756426006227 1.2189103717550496 300 11.02941176470588
140 0.00597274143830764 1.3386439966709889 400 10.92896174863388
140 0.0026007613940388355 1.3230063758727946 500 10.822510822510822
140 0.005077741970927507 1.3337276460883425 600 10.452961672473867
140 0.004168097759627448 1.2913328213674415 700 10.606060606060606
140 0.0006827216315241401 1.2416225411203268 800 10.767160161507404
150 0.019018955569763882 0.7034556648770826 100 10.204081632653061
150 0.014296837286314333 1.0453835340487558 200 11.627906976744187
150 0.010381645517824646 1.2919636556152365 300 10.909090909090908
150 0.005999396427935487 1.3849032767282097 400 10.840108401084011
150 0.0021089944114476983 1.3365160355311654 500 10.775862068965516
150 0.005025129493098183 1.3552683720421093 600 10.398613518197573
150 0.004230445961840438 1.297235874474524 700 10.638297872340425
150 0.0002833269406190106 1.2394440173624057 800 10.75268817204301
160 0.019906877680670405 0.7767062435112977 100 10.309278350515463
160 0.015015519785730267 1.0888482760153027 200 11.560693641618496
160 0.00985298852271942 1.3297909327648105 300 10.869565217391305
160 0.004875238947903971 1.3987042760658672 400 10.78167115902965
160 0.00169221788982791 1.313688692687518 500 10.75268817204301
160 0.004961095608915679 1.3364494038486605 600 10.380622837370241
160 0.0044140077844567705 1.279547771936909 700 10.670731707317072
160 0.0006506098569792372 1.2148141919524298 800 10.75268817204301
170 0.02061972508144835 0.7876701613625973 100 10.638297872340425
170 0.015252518035367296 1.1146653861084526 200 11.494252873563218
170 0.008975022358538157 1.346988401123946 300 10.830324909747292
170 0.003808910918255213 1.3787767119312162 400 10.75268817204301
170 0.0013715307485831622 1.2615979639605688 500 10.729613733905579
170 0.004996485318365474 1.2882600617497166 600 10.380622837370241
170 0.004352786059097681 1.242137073266058 700 10.703363914373087
170 0.0008232499969604062 1.169771944249274 800 10.767160161507404
180 0.02134933198848805 0.8349987292689188 100 10.989010989010989
180 0.014374425108601676 1.158083768295187 200 11.428571428571429
180 0.008074100497660617 1.3585112794281888 300 10.869565217391305
180 0.0033902014731471974 1.3606563215439764 400 10.75268817204301
180 0.001371286152258069 1.2188818444573062 500 10.683760683760683
180 0.004883924655460341 1.2498239225620897 600 10.398613518197573
180 0.0041952309156609 1.2138381081855005 700 10.736196319018404
180 0.0007977758448672501 1.130214181838159 800 10.767160161507404
190 0.021020712864566436 0.8541675247234807 100 11.494252873563218
190 0.013815538319244964 1.175692823948595 200 11.494252873563218
190 0.007147542532534495 1.354732925979843 300 10.909090909090908
190 0.0027866255478215555 1.3195794101515086 400 10.81081081081081
190 0.002020456842414695 1.161410233873557 500 10.638297872340425
190 0.0046137490869153945 1.1951458443984668 600 10.434782608695652
190 0.004007561558062177 1.1696967851982134 700 10.785824345146379
190 0.0006079105780696521 1.0763971013550313 800 10.75268817204301
200 0.01925465415076073 0.7634866194005165 100 12.19512195121951
200 0.012157679390308792 1.1267258015208517 200 11.560693641618496
200 0.006066551804595334 1.2718958446499473 300 11.02941176470588
200 0.0016710266343064795 1.2014519635402392 400 10.869565217391303
200 0.0023675185204631044 1.0253838136238491 500 10.638297872340425
200 0.0041258162956947595 1.0631971983164055 600 10.507880910683012
200 0.003533040745505989 1.0619643444757714 700 10.819165378670787
200 0.0003098713249322891 0.9628224720252498 800 10.72386058981233
210 0.018882855078428774 0.7834870779512357 100 12.82051282051282
210 0.010734922304167505 1.128686142524721 200 11.695906432748536
210 0.005296391705285639 1.2474021791102028 300 11.11111111111111
210 0.0009342732364885998 1.1399510396551138 400 10.92896174863388
210 0.0027313982336999655 0.9702763429569056 500 10.615711252653927
210 0.003886668474484117 1.0055665848890976 600 10.56338028169014
210 0.0027810635451413425 1.0130352102723916 700 10.852713178294573
210 0.000180379057497121 0.9053698119373486 800 10.7095046854083
220 0.019465103079401216 0.8646033005434187 100 13.333333333333334
220 0.009852850160369474 1.1814505720049864 200 11.695906432748536
220 0.004724364915973569 1.2553484330935192 300 11.194029850746269
220 0.0006516432005058879 1.1147449075376603 400 10.989010989010989
220 0.003112122156263375 0.9625959499441982 500 10.59322033898305
220 0.003789815777618005 0.9906881145503076 600 10.619469026548673
220 0.0015077009949959874 0.9982832440052355 700 10.852713178294573
220 0.0004697862213211207 0.8796671560099635 800 10.666666666666666
230 0.017651482013925482 0.7691873451499864 100 13.6986301369863
230 0.007991160520657197 1.0760177309625083 200 11.560693641618496
230 0.0033269716016410705 1.0947565660982899 300 11.194029850746269
230 0.0005555764015434277 0.8998071143213617 400 10.989010989010989
230 0.0029795715583266972 0.7563131030418367 500 10.548523206751053
230 0.003218824160641401 0.7957597736527472 600 10.657193605683835
230 0.0005346158724391549 0.8119640536946243 700 10.852713178294573
230 0.0006665896811171237 0.7100762577650359 800 10.58201058201058
240 0.01635384022215743 0.6964360589269425 100 13.513513513513512
240 0.006722504395550535 0.9402514963976959 200 11.428571428571429
240 0.00216773926472621 0.9019868263003131 300 11.152416356877323
240 0.0013574833564808813 0.6589399564055918 400 10.95890410958904
240 0.002588086744279928 0.5398828202250501 500 10.460251046025103
240 0.0026586597860630266 0.5910144757499985 600 10.676156583629894
240 0.002159452327254007 0.6056469359527511 700 10.835913312693497
240 0.0007640190459775545 0.5341043636896923 800 10.498687664041995
250 0.014652558492748316 0.6829675309110644 100 13.157894736842104
250 0.005753876307467737 0.8639837546043335 200 11.173184357541897
250 0.0012400485305920997 0.7645560197265493 300 10.989010989010989
250 0.0024200687573547553 0.46844861492741635 400 10.869565217391303
250 0.0021580941530399337 0.3875527929662143 500 10.395010395010395
250 0.0022924949322345746 0.4558731193010606 600 10.695187165775401
250 0.0030899804031431486 0.4629648879034262 700 10.819165378670787
250 0.0006739126859962133 0.419640964218204 800 10.430247718383312
260 0.011340297519643565 0.6357426506528693 100 12.5
260 0.003959599620867886 0.7213212656586822 200 10.92896174863388
260 0.0013151263642522586 0.5512409430831423 300 10.79136690647482
260 0.003250928870659339 0.22302923959400045 400 10.75268817204301
260 0.0020197838768476113 0.18694784869357556 500 10.309278350515465
260 0.001856800129334573 0.28323958811444505 600 10.676156583629894
260 0.003735555251820363 0.2874766925591725 700 10.76923076923077
260 0.00039811465386221364 0.29391920537466953 800 10.376134889753565
270 0.007444665180841335 0.5310807793015553 100 11.627906976744187
270 0.0014166140362399098 0.5105644549731854 200 10.695187165775401
270 0.002661054133822444 0.2743682062684338 300 10.600706713780918
270 0.003552831209070866 0.09654605505483589 400 10.526315789473685
270 0.0016673478206757394 0.050238031932643534 500 10.245901639344261
270 0.0014025465053451437 0.09735134111581947 600 10.657193605683835
270 0.003916742057824029 0.1406468228759679 700 10.703363914373087
270 0.00018445028527296284 0.20382506476273413 800 10.309278350515463
280 0.005507468492087354 0.47002834882767147 100 10.869565217391303
280 0.0005265841820300287 0.35290961919131497 200 10.471204188481675
280 0.004114112590274627 0.08910337031910444 300 10.452961672473867
280 0.001973500167117675 0.2796700776698914 400 10.282776349614394
280 0.0012592463486685566 0.1878171260200199 500 10.183299389002036
280 0.0010618554899642903 0.09831547164050511 600 10.600706713780918
280 0.003155080778735194 0.1779018305766209 700 10.542168674698795
280 0.000682020534221689 0.19917905605486283 800 10.243277848911651
290 0.0016438576947960298 0.3829055450188358 100 10.416666666666664
290 0.002052974903500834 0.21941297269599236 200 10.309278350515463
290 0.005524403814046889 0.14864008847443563 300 10.344827586206897
290 0.0012469971659075174 0.41783426370459936 400 10.1010101010101
290 0.000985383163506164 0.2898713966628724 500 10.16260162601626
290 0.0008146298894935956 0.18132687673302525 600 10.526315789473685
290 0.002542434255156385 0.2476744309695021 700 10.385756676557863
290 0.0010160935174935153 0.22420061133635896 800 10.19108280254777
300 0.0015517294605173664 0.21957101054077405 100 9.9009900990099
300 0.0035668579477828883 0.13314961550365836 200 10.204081632653061
300 0.006259796101570384 0.3643226774304191 300 10.273972602739725
300 0.0008816727320212491 0.585315367873688 400 9.950248756218905
300 0.000765818800492194 0.4279246347003204 500 10.16260162601626
300 0.003043923968855634 0.3193810846467495 600 10.471204188481675
300 0.0018632995018540972 0.3418337841027429 700 10.248901903367496
300 0.0014013740798796382 0.2820308984311451 800 10.139416983523446
310 0.0027451558295168606 0.15518639263423817 100 9.70873786407767
310 0.004859620639038704 0.3020720073644003 200 10.15228426395939
310 0.006964850232448984 0.5961994068167524 300 10.238907849829351
310 0.0010147440224428073 0.7583435251316709 400 9.876543209876543
310 0.0006098425381838189 0.5747324952334442 500 10.204081632653061
310 0.0049797282818833345 0.46760821454656243 600 10.452961672473867
310 0.0014954819953823502 0.4367564413329372 700 10.15965166908563
310 0.0015892574133521457 0.35308444599386346 800 10.050251256281406
320 0.003142225664617481 0.2329277915014259 100 9.615384615384615
320 0.005048194532677411 0.4234101438005886 200 10.1010101010101
320 0.007874122747537265 0.7277250115187577 300 10.238907849829351
320 0.0012385797512851622 0.8366022698592508 400 9.828009828009828
320 0.0006213097782517582 0.6339762640706665 500 10.245901639344261
320 0.004623604919831255 0.5367451412855282 600 10.452961672473867
320 0.0014229999709681703 0.4712027912796764 700 10.115606936416185
320 0.0007987310980901138 0.38326094260940324 800 9.9626400996264
330 0.003364197540390045 0.25086119083750946 100 9.523809523809524
330 0.006320578231191842 0.46217853626256933 200 10.050251256281406
330 0.008167035751062651 0.7793476417825149 300 10.238907849829351
330 0.0011667700251703189 0.8343545552316209 400 9.852216748768473
330 0.0006536294919607203 0.624716244418343 500 10.309278350515465
330 0.00420218706878727 0.540838622501509 600 10.489510489510488
330 0.0012689831803207865 0.461040742628342 700 10.115606936416185
330 0.00041733000520058675 0.3799927671418994 800 9.925558312655086
340 0.0036333955092677046 0.2433469026941263 100 9.615384615384615
340 0.00768970099292014 0.48419680538804416 200 10.0
340 0.008079929521640631 0.8064911579634104 300 10.238907849829351
340 0.0008161484260657812 0.805009199648006 400 9.852216748768473
340 0.0006243166314273007 0.5936207186610521 500 10.373443983402488
340 0.0042528668201659145 0.525538603574251 600 10.507880910683012
340 0.0011772882200381523 0.4364756265928835 700 10.115606936416185
340 0.00038699863830017096 0.3647397038169348 800 9.913258983890954
350 0.00425023699670123 0.22502932821111268 100 9.70873786407767
350 0.007531140490043209 0.48373037984668316 200 10.050251256281406
350 0.007607388312288514 0.8178442013415181 300 10.204081632653061
350 0.0007797117318232436 0.7551634770551935 400 9.9009900990099
350 0.0006193961584070985 0.5467653099076727 500 10.4384133611691
350 0.004540638978825269 0.4967232603103625 600 10.526315789473685
350 0.0011190939671593238 0.4044523475741733 700 10.130246020260492
350 0.0003296622740444963 0.3428248252015697 800 9.925558312655086
360 0.005790983533213734 0.27582594082042694 100 9.80392156862745
360 0.007975671469164681 0.5559737667536043 200 10.1010101010101
360 0.006516843783302683 0.8856995341072961 300 10.135135135135135
360 0.0007722329138564794 0.761297649845597 400 9.950248756218905
360 0.000612362445698172 0.5509696391454347 500 10.482180293501047
360 0.004934075416664803 0.5135729548906035 600 10.507880910683012
360 0.0013548953854199469 0.40316204029194586 700 10.130246020260492
360 0.00043734526976920937 0.3376502037874925 800 9.937888198757763
370 0.006561352846798859 0.34276308402048883 100 9.9009900990099
370 0.00898155081928713 0.6330431641009446 200 10.15228426395939
370 0.004516014213316282 0.9454963385811623 300 10.03344481605351
370 0.0007454742401052547 0.7659734564201182 400 10.0
370 0.0005780522597152633 0.556744374762952 500 10.526315789473685
370 0.004625507142451765 0.5257480561025617 600 10.452961672473867
370 0.0015762235736244876 0.40115703720828194 700 10.130246020260492
370 0.0006037311450728681 0.3326685220695159 800 9.950248756218905
380 0.005662474561803978 0.2453468323647464 100 10.0
380 0.009112618501948359 0.5417264993137525 200 10.204081632653061
380 0.002695857273679512 0.8369020723473568 300 9.966777408637872
380 0.0008507391935839831 0.6199962480728715 400 10.050251256281406
380 0.0006914737789620953 0.42960823832945166 500 10.526315789473685
380 0.0036762273711608163 0.42222382287634636 600 10.380622837370241
380 0.0014133759766050097 0.32879000488010296 700 10.144927536231885
380 0.00047215602150907837 0.2795560156509659 800 9.9626400996264
390 0.005560662073282125 0.20863196856131075 100 10.204081632653061
390 0.00887510491849827 0.504542171627757 200 10.309278350515463
390 0.0015167562651503244 0.7650506550037579 300 9.933774834437084
390 0.0010026181325378432 0.5230504152311835 400 10.1010101010101
390 0.001938740443481351 0.35277957136288624 500 10.526315789473685
390 0.0026930651849493485 0.3605773470009727 600 10.344827586206897
390 0.0013262782725413634 0.28671433074689984 700 10.144927536231885
390 0.00034922457485692685 0.24507808482731877 800 9.975062344139651
400 0.00581459176304355 0.22422359623430624 100 10.309278350515463
400 0.008685201274652792 0.5471567888245201 200 10.362694300518134
400 0.0006998930570561506 0.7491356227093972 300 9.900990099009901
400 0.001050422572836643 0.4914142595379165 400 10.204081632653061
400 0.0035541772927306604 0.3323989581428756 500 10.548523206751053
400 0.0018886576240432899 0.3433946881800333 600 10.273972602739725
400 0.0014124288947823154 0.27665397486314525 700 10.144927536231885
400 0.0003186036568046939 0.23296340542279143 800 10.0
410 0.006948120352472597 0.30539789771347864 100 10.416666666666664
410 0.00891979744572474 0.6585426856765134 200 10.471204188481675
410 0.0006124922819353127 0.8013403278207429 300 9.900990099009901
410 0.0008957816045668087 0.5258259891293658 400 10.282776349614394
410 0.005267106602029887 0.3729135634423949 500 10.570824524312895
410 0.0013278294161939187 0.36572711864060076 600 10.221465076660987
410 0.0015110251023157772 0.29769574437559004 700 10.101010101010102
420 0.006807116189457691 0.3988319136459685 100 10.526315789473685
420 0.01003420631697721 0.7849535318740977 200 10.471204188481675
420 0.0007644523683191329 0.8497444056220997 300 9.868421052631579
420 0.0007995484852937818 0.5591297191137204 400 10.362694300518134
420 0.006159617424107266 0.41744684731993853 500 10.615711252653927
420 0.0011870054263646184 0.3866681945468254 600 10.186757215619693
420 0.0007125825900452223 0.3197162874887636 700 10.014306151645206
430 0.00859358087562859 0.4577768980527065 100 10.416666666666664
430 0.01061932611611822 0.8569201589844971 200 10.526315789473685
430 0.0007698485959592381 0.8466624250642054 300 9.868421052631579
430 0.0007585462234610433 0.5466381347300572 400 10.443864229765012
430 0.005757041573488411 0.4214804637243502 500 10.638297872340425
430 0.0009984798873031112 0.3776875336985415 600 10.186757215619693
430 0.00015601114486377867 0.31830686222987403 700 9.97150997150997
440 0.011749018768410944 0.4937697415295027 100 10.309278350515463
440 0.010517110911329355 0.8948314052958746 200 10.526315789473685
440 0.0008667558838417722 0.7992057361728332 300 9.900990099009901
440 0.0008784629765209865 0.4998507715209668 400 10.526315789473685
440 0.005711531969471176 0.39432254500609254 500 10.683760683760683
440 0.0008404283625502238 0.3490056883871561 600 10.186757215619693
440 0.0001678818609820858 0.30112383358646816 700 9.943181818181817
450 0.011315149602246584 0.4871611133529962 100 10.309278350515463
450 0.009622050022665486 0.8952207076832773 200 10.416666666666664
450 0.0015069611585466166 0.7001713128964914 300 9.933774834437084
450 0.001133912988361 0.41163445593492276 400 10.58201058201058
450 0.006141416708203462 0.3332353093625889 500 10.683760683760683
450 0.0006555427949494234 0.29729410670461076 600 10.186757215619693
450 0.0002473849546532215 0.2639985388786581 700 9.943181818181817
460 0.010390799043041164 0.4470982961611837 100 10.309278350515463
460 0.00719133859655479 0.8521615971086025 200 10.256410256410257
460 0.0020348019790071507 0.5609264118973055 300 9.933774834437084
460 0.0015773385203293577 0.3028450419301979 400 10.638297872340425
460 0.005593643537307241 0.25555607293813115 500 10.638297872340425
460 0.0006327128390933692 0.23826718377899742 600 10.169491525423728
460 0.00037287707368977566 0.2165435004496077 700 9.943181818181817
470 0.011581149088608854 0.475600867354598 100 10.309278350515463
470 0.0034942418338415934 0.8409688744761765 200 10.050251256281406
470 0.0022539845631908612 0.482649779037442 300 9.966777408637872
470 0.0017170038800952473 0.25450055402804117 400 10.638297872340425
470 0.004169933434223656 0.22993861916981856 500 10.526315789473685
470 0.000770671130917793 0.2103061950223476 600 10.152284263959391
470 0.0002791643165662153 0.18679522529705525 700 9.929078014184396
480 0.012738235196001651 0.4843852584244777 100 10.309278350515463
480 0.0009759864288887162 0.7643484640783553 200 9.852216748768473
480 0.0025823282116278928 0.37496012031844805 300 10.0
480 0.0007027013796867993 0.20778513987216307 400 10.610079575596815
480 0.003149065332230517 0.18958928365343392 500 10.416666666666666
480 0.0007208831719608243 0.17412231537827536 600 10.135135135135135
480 0.0003293726411283709 0.1494578716124431 700 9.929078014184396
490 0.01208708280071835 0.5032830217276534 100 10.204081632653061
490 0.0015159012339242917 0.6567391439437716 200 9.70873786407767
490 0.0030213796229366916 0.2772531365044314 300 10.06711409395973
490 0.0016864235921330542 0.19792889493667953 400 10.58201058201058
490 0.0017248479400354191 0.17870592162956023 500 10.309278350515465
490 0.000663470634370882 0.15810309052082216 600 10.1010101010101
490 0.00045971107145281384 0.12399661236701585 700 9.929078014184396
500 0.011134230565090865 0.5445587302822044 100 10.309278350515463
500 0.0030052871892561955 0.5802208140461669 200 9.615384615384615
500 0.003266437783189084 0.2358705094491003 300 10.135135135135135
500 0.0038834142022999467 0.1910359959004705 400 10.58201058201058
500 0.000591272388539604 0.18386175632531349 500 10.183299389002036
500 0.000712812413607478 0.1569357588218429 600 10.050251256281406
510 0.012387716632718817 0.6720653397233615 100 10.309278350515463
510 0.003307720594878967 0.5773906923713648 200 9.523809523809524
510 0.0031903738387237344 0.25641365218529344 300 10.204081632653061
510 0.005672493707193809 0.17363962673643785 400 10.58201058201058
510 0.00022768538264490487 0.1971960274311735 500 10.1010101010101
510 0.0002504286236757557 0.1752145251969416 600 9.950248756218905
520 0.01352851412276651 0.7448375833750618 100 10.416666666666664
520 0.0034447705822264452 0.5231439143348294 200 9.523809523809524
520 0.0032797263000582293 0.24835966100648002 300 10.344827586206897
520 0.006322986924873264 0.15635770796914245 400 10.638297872340425
520 0.00021866580199126476 0.18687992715364315 500 10.1010101010101
520 0.0009670150655262766 0.16062804548235135 600 9.884678747940692
530 0.011201416654776001 0.6115988961869555 100 10.526315789473685
530 0.0053174357614825 0.25829397776171376 200 9.56937799043062
530 0.004197441225915197 0.2765443302792691 300 10.452961672473867
530 0.006115099187654804 0.24678153521227753 400 10.695187165775401
530 0.0009222167080513671 0.1987136607775541 500 10.12145748987854
530 0.0016822345870828523 0.12892438987490562 600 9.852216748768472
540 0.008833693952880764 0.49344566163684933 100 10.526315789473685
540 0.007301132404954621 0.10439964181068781 200 9.661835748792269
540 0.005099434215115172 0.42173917796053256 300 10.56338028169014
540 0.005441670781373259 0.37151132207649956 400 10.75268817204301
540 0.0014407358125725499 0.25828753339675303 500 10.12145748987854
540 0.002073449444578556 0.15433085097424212 600 9.852216748768472
550 0.007412793310093421 0.5260023548669231 100 10.309278350515463
550 0.007956011026449227 0.1940612650059797 200 9.70873786407767
550 0.005313906266814015 0.4941657310282277 300 10.676156583629894
550 0.005018395653008521 0.3961121556405297 400 10.75268817204301
550 0.0014189235853024576 0.2693746550956527 500 10.12145748987854
550 0.0020972843357828603 0.15908237560158744 600 9.868421052631579
560 0.002588111287138839 0.458777438681922 100 9.80392156862745
560 0.008479650098858703 0.3264491810383487 200 9.70873786407767
560 0.005795179076061066 0.6109303539932383 300 10.714285714285714
560 0.0036963527601479797 0.4536167707030364 400 10.638297872340425
560 0.0013186235616457706 0.29964978733803377 500 10.1010101010101
560 0.002084378221347192 0.1883984530007705 600 9.852216748768472
570 0.008186534867482666 0.2225607401391067 100 9.523809523809524
570 0.009563942760307557 0.5314609929366861 200 9.75609756097561
570 0.0059073746257335665 0.7891610908334756 300 10.676156583629894
570 0.0016299196956003268 0.5653749938697045 400 10.498687664041995
570 0.001520291375307461 0.36947681399139815 500 10.080645161290322
570 0.0022795151285800504 0.25676965325581635 600 9.852216748768472
580 0.012666410186427328 0.2396637107157591 100 9.25925925925926
580 0.010361083885233314 0.7091609018283122 200 9.852216748768473
580 0.004055191929820097 0.9167075421023575 300 10.676156583629894
580 0.0003053154401370817 0.6414693044177616 400 10.362694300518134
580 0.0017095247848108374 0.42044002641641925 500 10.060362173038229
580 0.002486565247835133 0.3089336499089889 600 9.852216748768472
590 0.015907641525967492 0.31162685952844393 100 9.009009009009008
590 0.010376997915220286 0.7835424026293495 200 9.950248756218905
590 0.000837128325332925 0.9422258518147729 300 10.638297872340425
590 0.0013584382007880511 0.6328432790571883 400 10.204081632653061
590 0.0015298341448898454 0.4236982518578762 500 10.020040080160319
590 0.0024896433636915605 0.3221526571645688 600 9.852216748768472
600 0.017343157010347065 0.4265410050695959 100 8.849557522123893
600 0.010299300158523988 0.8526219175914244 200 10.050251256281406
600 0.002874721668872269 0.9338084470273699 300 10.600706713780918
600 0.002471724141123917 0.6103954365945619 400 10.075566750629722
600 0.001493166834758568 0.4179580121358834 500 9.92063492063492
610 0.01912382516439774 0.7148839270018686 100 8.695652173913043
610 0.011069460822301291 1.0136590043240934 200 10.15228426395939
610 0.003708405038983619 0.9993666611879488 300 10.638297872340425
610 0.0032692965246895562 0.6457028001148821 400 10.0
610 0.003125353903599035 0.4559541150868407 500 9.803921568627452
620 0.0206236952676952 0.946046306219578 100 8.695652173913043
620 0.011664071573478372 1.1438238445472226 200 10.309278350515463
620 0.004346035566193383 1.0442389590343994 300 10.676156583629894
620 0.0038561320352379787 0.6740860856829065 400 10.0
620 0.0042064612647464035 0.4858785416105681 500 9.727626459143968
630 0.022520383454543533 1.089061261833471 100 8.771929824561402
630 0.011860735755533085 1.227216406482651 200 10.471204188481675
630 0.004413358420390673 1.0458612959154086 300 10.75268817204301
630 0.004025722892957096 0.6692527996048885 400 10.0
630 0.004269279424458014 0.4879357631412053 500 9.70873786407767
640 0.023394473135738073 1.1704886547077729 100 8.928571428571427
640 0.01171594408841322 1.2771701044733146 200 10.638297872340425
640 0.004320969285443414 1.0149600642606393 300 10.830324909747292
640 0.003868459019811368 0.6431821614131377 400 10.025062656641603
640 0.004145073579474178 0.4676009434956059 500 9.727626459143968
650 0.02164098581391483 1.1710628298361603 100 9.174311926605505
650 0.010895071833512595 1.261735356088902 200 10.869565217391303
650 0.004372844270438623 0.9315003950075352 300 10.869565217391305
650 0.0031714018725885074 0.5857826400224708 400 10.075566750629722
650 0.003697438982290062 0.4081437905032518 500 9.765625
660 0.017086900952683646 0.9943906099088404 100 9.433962264150942
660 0.008743691606890874 1.0936478773275045 200 11.11111111111111
660 0.004785186843689301 0.730882029135857 300 10.869565217391305
660 0.0017639006181029407 0.47050774159500813 400 10.126582278481013
660 0.0026126586862237093 0.2954585839382005 500 9.823182711198427
670 0.012494497788469481 0.7594983363818438 100 9.80392156862745
670 0.006242297714760413 0.8710630804125284 200 11.299435028248588
670 0.004703166307520707 0.566534087664742 300 10.830324909747292
670 0.0005383279435036111 0.4193281188609652 400 10.178117048346055
670 0.0015562716965931644 0.26663821014066935 500 9.881422924901186
680 0.00966447317025501 0.6370128938227061 100 10.1010101010101
680 0.002555930611650834 0.7253029891787195 200 11.363636363636363
680 0.004755549793095963 0.5326916670427867 300 10.79136690647482
680 0.0006378307610056348 0.4404638403058639 400 10.230179028132993
680 0.0009134461496444771 0.3117359074644322 500 9.92063492063492
690 0.007500835364579761 0.5327791886412071 100 10.526315789473685
690 0.002120299427793261 0.5796418881918136 200 11.494252873563218
690 0.003947384029324025 0.5655991695678353 300 10.714285714285714
690 0.0012771746693921763 0.49527238727045236 400 10.256410256410257
690 0.0005498506138354502 0.3820835898693032 500 9.9601593625498
700 0.005050087705219935 0.40524023839753154 100 10.869565217391303
700 0.007559434001211082 0.4059016644353154 200 11.560693641618496
700 0.0034117027096726925 0.6391532756206556 300 10.600706713780918
700 0.002081634310585354 0.5815304118617504 400 10.282776349614394
700 0.00048539750357185445 0.4758433520763532 500 10.020040080160319
710 0.003492872666045754 0.34487757631825033 100 11.363636363636363
710 0.0120141932957743 0.3484182580420462 200 11.695906432748536
710 0.002659541133268302 0.7006738371088188 300 10.526315789473685
710 0.0025563726862768547 0.6526647173380609 400 10.230179028132993
720 0.002974173318352234 0.36054281576213826 100 11.764705882352942
720 0.014503569895627809 0.37724395007307543 200 11.834319526627217
720 0.0022901880139433086 0.7265485341197936 300 10.489510489510488
720 0.0015573937712986523 0.6871100268831009 400 10.126582278481013
730 0.0029867237677191918 0.40050756285511724 100 12.19512195121951
730 0.015252453478529075 0.4246648275399916 200 11.904761904761905
730 0.0019101999649437044 0.7277061198950725 300 10.452961672473867
730 0.0006672801472714622 0.6842370119619975 400 10.0
740 0.0016902174091459193 0.3775434756605366 100 12.658227848101266
740 0.013834524408124278 0.5238055653977397 200 11.976047904191617
740 0.0021700293914190057 0.7765871116650482 300 10.416666666666666
740 0.0007307197322743289 0.734717097676778 400 9.950248756218905
750 0.00015988053660393728 0.37085249137874926 100 12.987012987012987
750 0.013330819359861124 0.6709473652529467 200 11.976047904191617
750 0.002726327428056522 0.8430202405980235 300 10.416666666666666
750 0.0009492976605349615 0.8041043684937492 400 9.925558312655086
760 0.0003205441853301777 0.38157800904079187 100 13.157894736842104
760 0.01444450200891475 0.7634536734771901 200 11.834319526627217
760 0.003231736988265429 0.8560921718807104 300 10.344827586206897
760 0.0011010534498926592 0.7979751015630899 400 9.9009900990099
770 0.00039323951809402366 0.3754698630945735 100 12.987012987012987
770 0.013430922122076345 0.8739083441483902 200 11.363636363636363
770 0.0037384917525899327 0.8653605032312935 300 10.273972602739725
770 0.0014057389179798624 0.7797778027986957 400 9.852216748768473
780 0.006970677689134761 0.3549791183727202 100 12.658227848101266
780 0.011083299224943671 0.9706700559137836 200 10.92896174863388
780 0.004023531840429568 0.8827247756020277 300 10.169491525423728
780 0.0015322784781618224 0.7708253343382917 400 9.828009828009828
790 0.019863612840814466 0.41135974590614166 100 12.048192771084336
790 0.007721299519148166 1.049397060387555 200 10.416666666666664
790 0.004387352824309049 0.9108395539285193 300 10.03344481605351
790 0.0016094072352388715 0.7685028296027897 400 9.779951100244498
800 0.030023529386395662 0.5691131665943753 100 11.764705882352942
800 0.005151191158784605 1.0905806561875417 200 9.950248756218905
800 0.004009323578399769 0.9547438592338525 300 9.74025974025974
810 0.027525482744569906 0.7768987218675883 100 11.363636363636363
810 0.004295696111813678 1.0993547144265592 200 9.661835748792269
810 0.0014041699557560267 0.9692777957237496 300 9.404388714733543
820 0.02605820307309195 0.9767063811838641 100 11.11111111111111
820 0.0040631582082975475 1.1029452085239795 200 9.47867298578199
820 0.001249851427768029 0.9621046031918468 300 9.202453987730062
830 0.027429972297925403 1.1915215983545402 100 10.75268817204301
830 0.004433771681300273 1.1157423653076541 200 9.345794392523363
830 0.0013688262290492787 0.9614147803661769 300 9.118541033434651
840 0.030936101893013386 1.4102591803287785 100 10.204081632653061
840 0.005472339986424344 1.1400586483454407 200 9.25925925925926
840 0.0018030880363084274 0.9508416235006754 300 9.090909090909092
850 0.02362424747369506 1.5744031445250668 100 9.70873786407767
850 0.005114202651481919 1.1001390578665176 200 9.216589861751151
850 0.0015476485271443843 0.856634569429268 300 9.090909090909092
860 0.012236260092849062 1.481011363507823 100 9.433962264150942
860 0.0019279977640769067 0.7772266429049018 200 9.216589861751151
860 0.0013651795905831802 0.4794135594401565 300 9.118541033434651
870 0.003306572153036576 0.9779192328474983 100 9.009009009009008
870 0.002688288075867405 0.37031178706641155 200 9.174311926605505
870 0.004178449065100872 0.4946284841805791 300 9.146341463414632
880 0.01675824632725142 0.27645094551531446 100 8.620689655172413
880 0.007078851907594437 0.7427995843949361 200 9.009009009009008
890 0.02371949214486764 0.5857741075969704 100 8.403361344537815
890 0.01294024008777248 1.1467054472325289 200 8.73362445414847
900 0.028495344447163472 1.0182197465801222 100 8.264462809917354
900 0.01436718637816718 1.4343781052964153 200 8.51063829787234
910 0.029067763758646573 1.2793973506669465 100 8.130081300813007
910 0.014269467498987049 1.565873191381864 200 8.403361344537815
920 0.027395364100915677 1.4232241788236828 100 8.130081300813007
920 0.015017790638408048 1.6238021939353007 200 8.403361344537815
930 0.023775366487176756 1.4558301254023465 100 8.264462809917354
930 0.014827800140133018 1.599022374349218 200 8.47457627118644
940 0.018401161508883192 1.3396587209497712 100 8.403361344537815
940 0.012240951956694213 1.4597736002940649 200 8.583690987124463
950 0.014020807697100896 1.1770927210915874 100 8.620689655172413
950 0.010074082103113384 1.296434184563164 200 8.73362445414847
960 0.011077587545915916 1.0604433394935364 100 8.849557522123893
960 0.008673693522538087 1.1852153250940016 200 8.849557522123893
970 0.0064332261923049465 0.7708391187374053 100 9.009009009009008
970 0.006494362326942045 0.9178368772206881 200 8.968609865470851
980 0.0027038714420648457 0.5198028468894538 100 9.25925925925926
980 0.004913187037994596 0.6857289499907508 200 9.174311926605505
990 0.001508718284121557 0.23308237185841585 100 9.345794392523363
1000 0.0014621196348212429 0.08116714812134776 100 9.174311926605505
1010 0.0033848440114113434 0.11379994266195852 100 8.928571428571427
1020 0.005627432154097976 0.1578060971630659 100 8.695652173913043
1030 0.005249798901899496 0.1350270435849348 100 8.620689655172413
1040 0.0053041396652120125 0.08541858663345708 100 8.620689655172413
1050 0.005901564382891737 0.1318184512669122 100 8.620689655172413
1060 0.006091991502079126 0.30811437422714855 100 8.695652173913043
1070 0.006192733400974626 0.44509295889647377 100 8.771929824561402
1080 0.006581276253019418 0.5584397485905597 100 8.849557522123893
1090 0.0075409696396516205 0.695342897728411 100 9.009009009009008
