0 0.00034006628824231986 0.1619984866115697 100 7.633587786259541
0 0.00017906790072797155 0.12356360818926237 200 7.782101167315174
0 0.00020701314360503366 0.11780048995758662 300 7.772020725388601
0 0.00017148912543212436 0.06882121317805444 400 8.146639511201629
0 0.00012615003415580953 0.07831216101678586 500 8.051529790660226
0 0.00014706163943723508 0.08969479195929117 600 7.957559681697612
0 0.00011057015303102551 0.03986422493755606 700 8.505467800729038
0 0.00011631724699061648 0.024263595393879914 800 8.528784648187631
10 0.0007230382683733687 0.13692772285701474 100 8.130081300813007
10 0.0003066126058367822 0.13135872450638106 200 8.0
10 0.0001982342223844215 0.1251753936382411 300 7.936507936507936
10 0.00018272860282415895 0.07501637119062275 400 8.281573498964802
10 0.00017790204061091485 0.08839219130754601 500 8.064516129032258
10 0.0001462891975639329 0.08797265997863275 600 8.042895442359248
10 0.00011441370324262657 0.06079562697471854 700 8.5995085995086
10 0.00012083838696742387 0.043739068439091824 800 8.592910848549945
20 0.0006062728799349591 0.0871105030970634 100 8.547008547008547
20 0.0002653474222517013 0.10619556392236809 200 8.16326530612245
20 0.00018842113988080182 0.10581834669664009 300 8.064516129032258
20 0.0001589267699724715 0.06112048481299909 400 8.403361344537815
20 0.00017827016010716422 0.09704136921148496 500 7.974481658692184
20 0.00013520140367703982 0.07990114395144919 600 8.130081300813009
20 0.00011231448920603179 0.057124494442411404 700 8.674101610904584
20 0.00012188745214222484 0.039399189385286804 800 8.658008658008658
30 0.00024033322977891274 0.04459820186783307 100 8.928571428571427
30 0.00015306788970847495 0.06378147386760985 200 8.23045267489712
30 0.0001694988990985927 0.07240559220268215 300 8.152173913043477
30 0.00014728641497746764 0.037313903845581184 400 8.47457627118644
30 0.00014525248718215387 0.10580228865354388 500 7.898894154818325
30 0.00012359333421527646 0.07048553518536307 600 8.19672131147541
30 0.00010167593139402726 0.033589570954367834 700 8.75
30 0.00010149603229521924 0.0210355015626827 800 8.686210640608033
40 0.00025304514527727055 0.053424412034300255 100 9.009009009009008
40 0.00019490845032122046 0.06556467727322832 200 8.23045267489712
40 0.00018930670648203965 0.06933091818886078 300 8.174386920980925
40 0.00015060816437157873 0.035012180402323234 400 8.528784648187631
40 0.00015110411330323785 0.11047681540840866 500 7.861635220125786
40 0.00012752885546206806 0.06518817319109128 600 8.241758241758243
40 0.00010763676393636675 0.036491919775814625 700 8.79396984924623
40 0.00010821126219113915 0.023702258777992594 800 8.629989212513484
50 0.00040657663437605995 0.06732006074580653 100 9.090909090909092
50 0.00018842280609234467 0.08427000409003745 200 8.19672131147541
50 0.00021487552857141448 0.07677740499926032 300 8.19672131147541
50 0.0001753691109662252 0.03840937258191464 400 8.547008547008547
50 0.000156020776746109 0.11054181501682528 500 7.861635220125786
50 0.00012915846672637807 0.0610116635928021 600 8.287292817679557
50 0.00010849707785845104 0.04696487871353391 700 8.816120906801007
50 0.0001228567961751909 0.04763546735819484 800 8.333333333333334
60 0.0003628654065064698 0.07070993273935602 100 9.174311926605505
60 0.0002451176010048415 0.08558270231778917 200 8.16326530612245
60 0.00024271383692880385 0.07267344343392242 300 8.219178082191782
60 0.00017059451729700234 0.04367546164114426 400 8.547008547008547
60 0.00016797937226566904 0.11262441818976844 500 7.861635220125786
60 0.0001388295873643115 0.061579270816077704 600 8.333333333333334
60 0.0001372515711899332 0.04898896347411454 700 8.80503144654088
60 0.00012742631491428186 0.05588481213573642 800 8.281573498964802
70 0.00023237442885339952 0.07018914257528092 100 9.174311926605505
70 0.00022296172528988176 0.07438550387361337 200 8.16326530612245
70 0.00022637083331864918 0.06034796764362337 300 8.264462809917354
70 0.00018568033068551537 0.04118500145957661 400 8.528784648187631
70 0.00018326855491713497 0.1112317653603544 500 7.886435331230283
70 0.00013336478212285362 0.05499239480263034 600 8.391608391608392
70 0.00017796487120744277 0.036753062277334166 700 8.73907615480649
70 0.00012190225774656366 0.060845329831756875 800 8.281573498964802
80 0.0001473424219764185 0.06618034335248238 100 9.174311926605505
80 0.00027170235566277334 0.07077775705252545 200 8.130081300813007
80 0.00023756489205962184 0.05461698030335986 300 8.287292817679557
80 0.0001625872120676345 0.042555380712037696 400 8.492569002123142
80 0.00019064206473277644 0.1111825449402529 500 7.911392405063291
80 0.00011658693716424085 0.04986279290666205 600 8.438818565400842
80 0.00014355209605639894 0.03479910969906816 700 8.695652173913043
80 0.00011273580417044132 0.06467521039496528 800 8.290155440414507
90 0.0003199276957265643 0.04276559882887748 100 8.928571428571427
90 0.00028243648634495905 0.08084550049314468 200 8.032128514056224
90 0.0002571064325036591 0.05922794735461938 300 8.264462809917354
90 0.00017641246968320013 0.051212639429353404 400 8.438818565400842
90 0.00021462125175859877 0.11291814930237828 500 7.923930269413629
90 0.00013353653608661148 0.049653474001697145 600 8.474576271186441
90 0.00014490184485078464 0.03742377195971638 700 8.663366336633661
90 0.0001227476444727235 0.06357185410437882 800 8.281573498964802
100 0.000310698758871574 0.019924684694468956 100 8.695652173913043
100 0.00028881181149672294 0.09216034625676361 200 7.936507936507936
100 0.00023001940388885057 0.0604109072144714 300 8.264462809917354
100 0.00017481179924281844 0.05442912624979466 400 8.368200836820083
100 0.00019951703051821853 0.1082051507039655 500 7.936507936507937
100 0.00011858079318857991 0.042953012393527966 600 8.522727272727272
100 0.00013935259692116018 0.030852387037142808 700 8.641975308641975
100 0.00012348919174519338 0.0574348930245556 800 8.273009307135471
110 0.00029010906562581694 0.029647130979703836 100 8.403361344537815
110 0.0002600354137961851 0.09993832548564838 200 7.874015748031495
110 0.00021668285111212595 0.06442390351244573 300 8.264462809917354
110 0.0001542040084161661 0.0633038596947296 400 8.316008316008316
110 0.0001847417867907609 0.10899024531936237 500 7.949125596184419
110 0.00013076178233146214 0.04551917923843325 600 8.559201141226819
110 0.00012234425845239017 0.035347266116149266 700 8.641975308641975
110 0.00011586431084475537 0.057942806365364724 800 8.273009307135471
120 0.00032894516215248635 0.06512173456375607 100 8.064516129032258
120 0.00032608373327322915 0.10421585400524704 200 7.8431372549019605
120 0.00021143588472536396 0.06209791355992759 300 8.264462809917354
120 0.0001702630199078877 0.06670625094296198 400 8.264462809917354
120 0.00016849818274051353 0.10435859233714423 500 7.974481658692184
120 0.00011775747202733178 0.03752056634613803 600 8.60832137733142
120 0.00012413071259870562 0.029141533004926213 700 8.641975308641975
120 0.00011282287449958066 0.056880670383945446 800 8.273009307135471
130 0.0002152564086626533 0.10086757103154383 100 7.8125
130 0.0002736011437626755 0.11019518197338858 200 7.782101167315174
130 0.000203176312437126 0.06516416179957595 300 8.287292817679557
130 0.0001664835842019639 0.08879505171257471 400 8.113590263691682
130 0.00014948732514753809 0.10316846923011083 500 8.0
130 0.00011238377696507129 0.037097489572724233 600 8.658008658008658
130 0.00011657977203057057 0.031330753922216424 700 8.652657601977749
130 0.00010879075926565758 0.06100135167923848 800 8.255933952528379
140 0.00027843773266077095 0.12970993498195096 100 7.575757575757575
140 0.00027039178463340754 0.11219488673381592 200 7.782101167315174
140 0.00018101890608181775 0.05735144612618255 300 8.310249307479223
140 0.00015530832270650987 0.13995767101652187 400 7.677543186180422
140 0.00013855997792031828 0.09148149036884322 500 8.038585209003216
140 0.00010805159950193017 0.027285350103980897 600 8.695652173913043
140 0.00010517023193257355 0.022164242945080632 700 8.641975308641975
140 9.762960330602162e-05 0.06490363061501891 800 8.18833162743091
150 0.00039211020971988744 0.1465019107173755 100 7.462686567164179
150 0.00026502761310216483 0.11352404587684077 200 7.751937984496124
150 0.00017844170295745404 0.058230585244908574 300 8.333333333333334
150 0.00016398038286014892 0.15164759394604688 400 7.604562737642586
150 0.00013899723803743872 0.08757267471856123 500 8.090614886731391
150 0.00010987551578484664 0.02628803724943564 600 8.73362445414847
150 0.00010772538494865801 0.029314347093483357 700 8.536585365853659
150 8.683655607367938e-05 0.13154472509936588 800 7.662835249042145
160 0.0003312769703655401 0.16449866090627335 100 7.352941176470588
160 0.00031285412394357865 0.11313902214347332 200 7.782101167315174
160 0.0001997377890585213 0.05709841260379111 300 8.356545961002785
160 0.00017390383804595204 0.1531317505868692 400 7.575757575757575
160 0.0001392811811819161 0.07991209765611614 500 8.130081300813009
160 0.00011207050535613978 0.027736882696731826 600 8.75912408759124
160 0.00010724024544651895 0.06298867330826288 700 8.2063305978898
170 0.00035830941590081933 0.17776390620273388 100 7.2992700729927
170 0.0002851170418212446 0.10836012652083488 200 7.8125
170 0.00019055286806606315 0.055246238838042944 300 8.333333333333334
170 0.00017510128835150987 0.1500587575111161 400 7.575757575757575
170 0.00012805669989264084 0.06981988844305728 500 8.183306055646481
170 0.00017046937736862745 0.022137698430781564 600 8.708272859216255
170 0.00011332645682205001 0.0657085454965496 700 8.158508158508157
180 0.0002749300231800337 0.18661870413360485 100 7.246376811594202
180 0.0002463334872737239 0.10504529316728319 200 7.8431372549019605
180 0.00013087896312669793 0.05892036174805436 300 8.287292817679557
180 0.00016282283245183887 0.14714015555558968 400 7.604562737642586
180 0.0001036383503851873 0.06246557235986405 500 8.237232289950576
180 0.0001810010143738528 0.025702638475684946 600 8.633093525179856
180 9.718555318511822e-05 0.06552561828144615 700 8.149010477299184
190 0.00029278453183036266 0.1925167894433705 100 7.194244604316546
190 0.0002775970076914474 0.10403109598442352 200 7.874015748031495
190 0.00016659571918100854 0.06655763343984043 300 8.264462809917354
190 0.0002036930389423655 0.1478369112639119 400 7.633587786259541
190 0.00011458201884284415 0.06108972531114556 500 8.305647840531561
190 0.00013198473816604262 0.03273481137769369 600 8.595988538681949
190 0.00010982244376371498 0.06790763781029466 700 8.158508158508157
200 0.0003292181353866239 0.1915313613572575 100 7.194244604316546
200 0.000271685779232152 0.09855624640949871 200 7.905138339920948
200 0.00014880878223916605 0.06635207825094673 300 8.264462809917354
200 0.00021061571123506123 0.1428888315886114 400 7.677543186180422
200 0.00010814935930755403 0.05338568054861441 500 8.375209380234505
200 0.00012828942852088 0.031415097377875956 600 8.595988538681949
200 0.00010265142645497527 0.0679151900359906 700 8.177570093457943
210 0.0003397102431297544 0.18446808466678888 100 7.246376811594202
210 0.00027072278050643323 0.08379008089021969 200 7.96812749003984
210 0.00014762313537278144 0.05705109433830413 300 8.241758241758243
210 0.00017432320096694064 0.12645445263166946 400 7.722007722007722
210 9.662665375191704e-05 0.037609916869653474 500 8.445945945945946
210 0.00011343774607102624 0.020622848445900947 600 8.60832137733142
210 0.00010074143764715074 0.06110478537118474 700 8.19672131147541
220 0.00037527213990559325 0.1772892376254786 100 7.2992700729927
220 0.00023365685567030355 0.07657654586380952 200 8.064516129032258
220 0.00012200459042013186 0.05880566183487466 300 8.241758241758243
220 0.00017043906452536193 0.12141483788927188 400 7.766990291262136
220 0.00011179864994820511 0.03187085319325082 500 8.517887563884157
220 0.00012223245108724116 0.021020063536362158 600 8.633093525179856
220 9.803065034590852e-05 0.06277226387445706 700 8.225616921269093
230 0.00035172890132494555 0.16767713767396564 100 7.352941176470588
230 0.0002342708773343585 0.07329739216385243 200 8.16326530612245
230 0.00012751352440196437 0.06497670239993772 300 8.264462809917354
230 0.00016836856250864655 0.12199351848790481 400 7.8277886497064575
230 0.00010409546666634352 0.030033619881169177 500 8.59106529209622
230 0.00010287246806233646 0.027131717647187557 600 8.670520231213873
230 8.380035466445489e-05 0.06907434602793448 700 8.244994110718492
240 0.00042591362323305223 0.14784161214993546 100 7.462686567164179
240 0.0002143760873220327 0.057851781764735245 200 8.29875518672199
240 0.00015671102336403588 0.061114632432901314 300 8.287292817679557
240 0.00017023686504045194 0.10978037463851599 400 7.905138339920948
240 0.00010400727128865885 0.034545142617086806 500 8.680555555555555
240 0.00011756905722153319 0.030024908156172526 600 8.720930232558139
240 0.00010795638552318969 0.06795126899461854 700 8.274231678486997
250 0.00037448271234036463 0.12592945668208702 100 7.633587786259541
250 0.0001527649955552925 0.035983046355194864 200 8.438818565400842
250 0.00012673693452210937 0.053065647219718425 300 8.287292817679557
250 0.00014417055470926252 0.0929774263098776 400 7.984031936127744
250 9.24455477925509e-05 0.018875634505939272 500 8.771929824561404
250 9.648546631030316e-05 0.021019358982983207 600 8.771929824561402
250 8.854513915470413e-05 0.06942566557055091 700 8.30367734282325
260 0.0003802730377132881 0.10925588394227011 100 7.751937984496124
260 0.00019235511443543136 0.03487679250919341 200 8.547008547008547
260 0.000158898477106736 0.09470685961778334 300 8.02139037433155
260 0.0001368959762380078 0.08911680273873669 400 8.064516129032258
260 9.131115557688753e-05 0.025384860064874427 500 8.849557522123893
260 9.230503653308562e-05 0.02628731409614655 600 8.810572687224669
260 8.821621237311261e-05 0.07710675690358751 700 8.31353919239905
270 0.0003714289709600331 0.09142904588248578 100 7.874015748031495
270 0.0001860004483352298 0.021542023328861352 200 8.658008658008658
270 0.00018549596747218728 0.13152175788425732 300 7.6923076923076925
270 0.00012938221055804424 0.07094150601148154 400 8.130081300813007
270 9.498015868420648e-05 0.03352206192401834 500 8.928571428571429
270 9.885894973021662e-05 0.0254694462155083 600 8.823529411764707
270 9.01664162710459e-05 0.08391314280085255 700 8.264462809917354
280 0.00028648078858542497 0.07821227259674494 100 7.936507936507936
280 9.773550010795224e-05 0.022810106827494625 200 8.771929824561402
280 0.00013399792146377715 0.13953533147404756 300 7.614213197969542
280 9.756780604690795e-05 0.06023756354740056 400 8.213552361396303
280 7.343940513112831e-05 0.03843560939908416 500 9.00900900900901
280 8.691727026280393e-05 0.033168072713467354 600 8.784773060029282
280 6.607627814780578e-05 0.14064190626177311 700 7.803790412486064
290 0.0003520681301062678 0.06371186446174978 100 8.064516129032258
290 0.00017942610462480524 0.027911262258648203 200 8.849557522123893
290 0.0001604038888134298 0.13507285757151788 300 7.614213197969542
290 0.0001098110316184481 0.04534412091719247 400 8.281573498964802
290 8.931241856815297e-05 0.045287201999848335 500 9.057971014492754
290 0.00010160084581727163 0.07921971113636905 600 8.403361344537814
300 0.0002940592858846697 0.04378497781165124 100 8.19672131147541
300 0.0001293511076711112 0.037538114483379376 200 8.928571428571427
300 0.00016047265381709578 0.13706877705176054 300 7.633587786259541
300 0.00010354607072056166 0.04486339239251534 400 8.368200836820083
300 0.0001017223667216143 0.045990279579839075 500 9.074410163339383
300 9.886558201005098e-05 0.09519268386970904 600 8.321775312066574
310 0.00021344199186541703 0.027830219600668483 100 8.333333333333334
310 0.00013945187870709812 0.03502032606788459 200 8.88888888888889
310 0.00013363685550099694 0.13292543429047687 300 7.672634271099744
310 8.430537399812206e-05 0.038603883373444225 400 8.456659619450317
310 0.00016868819742703442 0.04324324903175242 500 9.00900900900901
310 8.941323569659562e-05 0.09941662720899837 600 8.310249307479223
320 0.00023841654863087592 0.019863690198719506 100 8.47457627118644
320 0.00021877796625191463 0.03576694979438299 200 8.849557522123893
320 0.00016795174845157907 0.12848334655511925 300 7.731958762886597
320 9.051060291532992e-05 0.036114592988437326 400 8.547008547008547
320 0.0001717602190492592 0.04912527712229859 500 8.944543828264758
320 0.00010681678268547612 0.10036136449399062 600 8.321775312066574
330 0.000269877137584722 0.014560005784421994 100 8.620689655172413
330 0.00010886657707321229 0.03409099631211199 200 8.849557522123893
330 0.00017175725762894176 0.12190776896301862 300 7.772020725388601
330 8.263829458168769e-05 0.02789867979988313 400 8.620689655172413
330 0.00011677865309155807 0.05032223758373534 500 8.9126559714795
330 9.883098183563291e-05 0.10060956206135394 600 8.333333333333334
340 0.00025991189920277565 0.027445066749079875 100 8.695652173913043
340 0.00015055525496459026 0.038269147593366665 200 8.849557522123893
340 0.0002160624502819248 0.11507184763676652 300 7.832898172323759
340 0.00010793522648745042 0.03637138353225006 400 8.714596949891066
340 0.0001296767292120026 0.05613138253782743 500 8.9126559714795
340 0.00010702343249330638 0.09969870977000884 600 8.356545961002785
350 0.0001351871803955339 0.03194168413853632 100 8.849557522123893
350 0.00010660377035307405 0.029257786221466676 200 8.771929824561402
350 0.0001508140659309354 0.10586507393656763 300 7.894736842105263
350 6.446652326279175e-05 0.029641217642623587 400 8.810572687224669
350 0.00013499758016818328 0.052444839299352425 500 8.928571428571429
350 9.569316452954506e-05 0.09851835503556669 600 8.368200836820083
360 0.00017677915431688136 0.04834643494257626 100 8.928571428571427
360 7.515552965791577e-05 0.03238870945511646 200 8.771929824561402
360 0.00014601017256622988 0.10323811793492385 300 7.936507936507936
360 7.182248999027308e-05 0.0337281276010152 400 8.88888888888889
360 0.00010063985805839513 0.051979458462160774 500 8.960573476702509
360 8.161777534152047e-05 0.10002985309325178 600 8.391608391608392
370 8.575024817512305e-05 0.06271789587360284 100 9.090909090909092
370 0.00011281787870371816 0.024620004194749016 200 8.73362445414847
370 0.00012095745570266934 0.08689830472740774 300 8.0
370 6.82670237210323e-05 0.04306764369366783 400 8.98876404494382
370 0.00011998442020482636 0.049611824603577694 500 8.976660682226212
370 8.259227315785136e-05 0.09647256776061693 600 8.403361344537814
380 0.000112772191492634 0.0791298291289016 100 9.25925925925926
380 5.327242200761908e-05 0.020173304648921864 200 8.620689655172413
380 0.00010676833659792356 0.0753843024306527 300 8.086253369272237
380 7.451251561819604e-05 0.05043475020784859 400 9.070294784580499
380 0.00010972926057627313 0.04689003282981463 500 9.00900900900901
380 8.032832004441903e-05 0.09621199431791723 600 8.41514726507714
390 8.524005841760345e-05 0.09465164505483464 100 9.433962264150942
390 0.0001527410346637507 0.114689267351948 200 7.8431372549019605
390 8.905710923133892e-05 0.07040550861886394 300 8.152173913043477
390 5.6424470051243955e-05 0.05531677983168937 400 9.174311926605505
390 9.961694596692166e-05 0.04658747231921205 500 9.025270758122742
390 6.97795892200368e-05 0.10343045521102871 600 8.379888268156424
400 9.431664931559631e-05 0.10734143192106918 100 9.615384615384615
400 0.0001483009278328202 0.16914266991099208 200 7.462686567164179
400 8.470747842323742e-05 0.06692804350464146 300 8.241758241758243
400 6.198637009681685e-05 0.06440410704444405 400 9.237875288683602
400 0.00010467344539832265 0.05070176241239387 500 9.00900900900901
400 7.13575821467071e-05 0.12213012588443227 600 8.241758241758243
410 0.00010554322866563768 0.11656233891107792 100 9.70873786407767
410 0.0001271993559939341 0.1790742207649542 200 7.380073800738007
410 8.589177209679251e-05 0.05716158021411688 300 8.310249307479223
410 7.553143142578333e-05 0.07007280197252047 400 9.30232558139535
410 0.00010492375384080544 0.08780285406537298 500 8.650519031141869
420 0.00010441985850502186 0.11092407163421086 100 9.615384615384615
420 0.0001474648033006382 0.18088150282398743 200 7.352941176470588
420 8.610492157274895e-05 0.045524744638900994 300 8.379888268156424
420 8.85770806196415e-05 0.06912287126249801 400 9.280742459396752
420 0.00011431264790150858 0.12147186443313676 500 8.319467554076539
430 0.0001527080391111727 0.08248783711129343 100 9.345794392523363
430 0.0001188248273987058 0.18159629485781387 200 7.352941176470588
430 6.129630129689389e-05 0.03589969365503436 300 8.474576271186441
430 0.00017888928257764767 0.0569364981469323 400 9.1324200913242
430 9.359708692376867e-05 0.122650059036548 500 8.278145695364238
440 5.1957086613363106e-05 0.05993047322204014 100 9.090909090909092
440 0.00015346419125290806 0.17797374530855478 200 7.380073800738007
440 5.487914097567011e-05 0.026422006646132392 300 8.547008547008547
440 0.00013820393006861852 0.058818694623801474 400 9.009009009009008
440 8.957850054704368e-05 0.11998526363553089 500 8.264462809917354
450 0.00012320606776283142 0.04226113266578196 100 8.928571428571427
450 0.000138735719692284 0.16762319949024745 200 7.407407407407407
450 6.456642708948723e-05 0.01855004081744834 300 8.645533141210374
450 0.00010735831971010732 0.05797573046716979 400 8.94854586129754
450 8.171029784696724e-05 0.11484775336679358 500 8.264462809917354
460 0.00019578888573499828 0.016386181859214616 100 8.695652173913043
460 9.906780521639801e-05 0.15811971502216543 200 7.434944237918215
460 7.99863764170315e-05 0.024477398002318303 300 8.746355685131194
460 0.00015328886374511098 0.05590455574752771 400 8.928571428571427
460 8.680922680921135e-05 0.10966265438024063 500 8.264462809917354
470 0.0002736986351160478 0.019683346567391773 100 8.47457627118644
470 0.00014870626366763313 0.15445822884113927 200 7.462686567164179
470 6.975848481650876e-05 0.032977556473345014 300 8.823529411764707
470 0.0001191020128569192 0.05213924910130503 400 8.928571428571427
470 8.744420659004028e-05 0.10738230869825346 500 8.264462809917354
480 0.00014986353431028625 0.04856936260462561 100 8.19672131147541
480 0.00014572049345829097 0.14929483402744284 200 7.518796992481203
480 6.931791206756867e-05 0.041511960123447066 300 8.928571428571429
480 0.0001223172124235343 0.04621769477069036 400 8.928571428571427
480 8.702066244710648e-05 0.10393769106758645 500 8.25082508250825
490 0.00010571672089696043 0.13282893200528342 100 7.575757575757575
490 9.943438018346934e-05 0.14121415234261508 200 7.575757575757575
490 4.825164688864703e-05 0.0459996221653843 300 9.009009009009008
490 0.00010836304244067842 0.03902256851206584 400 8.908685968819597
490 8.237518892446996e-05 0.10360419334837084 500 8.223684210526315
500 0.0003144238655751796 0.3881370596542304 100 6.172839506172839
500 9.800166245688457e-05 0.13136349628292437 200 7.633587786259541
500 7.055580435256405e-05 0.05758972567895301 300 9.090909090909092
500 0.0001103867784010713 0.03776999590190473 400 8.869179600886918
500 7.937240043340128e-05 0.11616630415437193 500 8.077544426494345
510 0.000152889568148312 0.44068761232319503 100 5.917159763313609
510 7.846032494331216e-05 0.11732903593094855 200 7.6923076923076925
510 5.776116725259603e-05 0.06150837444558177 300 9.146341463414632
510 8.55968464178453e-05 0.06561413512034397 400 8.547008547008547
520 0.00013127960905691277 0.4492927858447696 100 5.882352941176471
520 8.632993165584863e-05 0.10432073855914208 200 7.8125
520 7.271375424766066e-05 0.06546140346596727 300 9.146341463414632
520 0.00010379533441850319 0.12392612959109961 400 8.048289738430583
530 0.00019664496070651342 0.43526393377151396 100 5.9523809523809526
530 8.643212837547024e-05 0.0858040783383316 200 7.96812749003984
530 0.00022415724101577513 0.06000041613408519 300 9.090909090909092
530 0.0001208646962811454 0.12914868903977855 400 8.016032064128256
540 0.0003114729042390119 0.4119605516185743 100 6.0606060606060606
540 0.0001037471283367213 0.06523375325279843 200 8.130081300813007
540 0.0002433990424115312 0.05561851729271963 300 8.982035928143713
540 0.00011236247921445205 0.13218575762415768 400 8.032128514056224
550 0.00033236903983945487 0.3916411632679375 100 6.134969325153374
550 5.3093227770538346e-05 0.043374994907052926 200 8.29875518672199
550 0.0001184320784459038 0.05924658702243665 300 8.928571428571429
550 8.241898442539901e-05 0.13598502432573858 400 8.064516129032258
560 0.0003683395555260178 0.37042789799977777 100 6.25
560 6.518853600298505e-05 0.026842289255328097 200 8.438818565400842
560 0.00013591576678384761 0.06430075581732776 300 8.928571428571429
560 8.78880490360776e-05 0.13598412663091128 400 8.080808080808081
570 0.0003356528101771575 0.3405569548587368 100 6.41025641025641
570 0.00013796363371051379 0.03147055620848314 200 8.658008658008658
570 0.00015884455347597908 0.0683497781848048 300 8.955223880597014
570 0.0001236619735333991 0.1332613427112958 400 8.130081300813007
580 0.00036439800194800994 0.3188108588048474 100 6.5359477124183005
580 3.4037784434740843e-05 0.028742320976096348 200 8.849557522123893
580 0.00014004836921074557 0.07349890238291908 300 9.009009009009008
580 6.723335644793505e-05 0.14146007722179785 400 8.16326530612245
590 0.0003538835189530123 0.2959445357896062 100 6.666666666666667
590 0.00010990356032628119 0.04650367913828127 200 9.049773755656108
590 0.00011637484147279363 0.07762705192704904 300 9.06344410876133
590 7.479178241325624e-05 0.14720910528342054 400 8.19672131147541
600 0.0002392148158658967 0.26087213848398166 100 6.84931506849315
600 7.631627238320924e-05 0.06992165317623263 200 9.25925925925926
600 0.0001301973310482854 0.0771210193367362 300 9.146341463414632
600 8.44675778262826e-05 0.14636479229105906 400 8.23045267489712
610 0.00020624862727163163 0.21053749408961195 100 7.092198581560283
610 7.495200405629616e-05 0.09563875570863845 200 9.523809523809524
610 0.0001330769281304149 0.07838205678858695 300 9.25925925925926
610 8.494091753118648e-05 0.1452851800025226 400 8.281573498964802
620 0.0002646743430460088 0.1589594025680054 100 7.462686567164179
620 7.959223514250008e-05 0.12466744895383142 200 9.852216748768473
620 0.00013631267285131278 0.09433332286769879 300 9.404388714733543
620 0.00010838711751280582 0.1612322464054648 400 8.368200836820083
630 0.00015544856129920816 0.08841711009580766 100 7.936507936507936
630 5.210848450413977e-05 0.1616961769311796 200 10.256410256410257
630 0.00010399332917686654 0.11583839318968532 300 9.646302250803858
630 6.274189273119477e-05 0.17810745830377633 400 8.492569002123142
640 0.00017152825030716681 0.021461298525245618 100 8.547008547008547
640 0.00011414047416120657 0.1991716605539786 200 10.75268817204301
640 0.00013988751154150024 0.13928213747584609 300 9.900990099009901
640 6.481769301843826e-05 0.19674675704303804 400 8.620689655172413
650 0.00030479165331943176 0.06319070510816512 100 9.174311926605505
650 0.00014316462972083474 0.23359322201262436 200 11.235955056179774
650 0.00013775958400244885 0.161987356236603 300 10.135135135135135
650 8.357843304209734e-05 0.21972184132470257 400 8.714596949891066
660 0.0003086464650893824 0.12430278978225964 100 9.80392156862745
660 0.00014804469529924538 0.26297956748067225 200 11.764705882352942
660 0.00012067389313633273 0.18028566696596826 300 10.344827586206897
660 7.873215537567701e-05 0.2421250689650849 400 8.73362445414847
670 0.00022131615207023663 0.17646955304062079 100 10.416666666666664
670 9.87811725839973e-05 0.2885568631942758 200 12.19512195121951
670 0.00013652353973767704 0.19673298820169335 300 10.380622837370241
670 7.144271369540411e-05 0.28027343432327706 400 8.492569002123142
680 9.233909732741621e-05 0.2172212960711062 100 10.989010989010989
680 5.899255418409403e-05 0.305444571833559 200 12.5
680 0.0001009683978733847 0.2588574335283564 300 9.67741935483871
690 7.367156247944889e-05 0.25190262137331104 100 11.494252873563218
690 0.00010268512523034463 0.30806319511094743 200 12.578616352201257
690 0.00011601213039195965 0.31011755691128556 300 9.090909090909092
700 0.000125589958779566 0.28524517643771197 100 11.904761904761905
700 0.0003662999199876931 0.286476453002223 200 12.048192771084336
700 0.00010897860523094979 0.3117429453251198 300 9.009009009009008
710 0.00028740763028900805 0.31422992287337104 100 12.345679012345679
710 0.00019037683927447657 0.28056529442725553 200 11.494252873563218
710 0.00013220427553123278 0.296988750775987 300 8.955223880597014
720 0.00040557577327074776 0.34176634708555736 100 12.82051282051282
720 0.00022677328999628758 0.27143143669015246 200 11.235955056179774
720 0.00017220528599052177 0.2800958151654222 300 8.90207715133531
730 0.00035454843916910716 0.36434485750685736 100 13.333333333333334
730 0.00029558654708093874 0.2598574636557293 200 11.049723756906076
730 0.0001539925990268243 0.2711751170640085 300 8.875739644970412
740 0.00017791070646209855 0.3879719729812964 100 13.6986301369863
740 0.00021297922092246364 0.24507806047904981 200 10.92896174863388
740 8.997643791536728e-05 0.2680293982561193 300 8.823529411764707
750 0.0001351386579704056 0.40462045334511487 100 14.08450704225352
750 0.00018731390468391604 0.2235172545813904 200 10.81081081081081
750 8.217278409904612e-05 0.25948062782152526 300 8.746355685131194
760 0.00010190435892094741 0.41341472965078113 100 14.285714285714286
760 0.00014938272716342113 0.20129454573780947 200 10.58201058201058
760 6.394552074515747e-05 0.2667214273412475 300 8.42696629213483
770 0.00010679804636992418 0.40161733552710904 100 14.08450704225352
770 0.0001604016926373126 0.29023176617489427 200 8.928571428571427
780 0.0006968617680422857 0.31844890640792084 100 12.5
780 0.0001568304799999095 0.33942668389127684 200 8.032128514056224
790 0.00038533948565205764 0.2588918248512393 100 10.416666666666664
790 0.00013831297540043688 0.3133261531919606 200 7.8125
800 0.00028674420952820557 0.20744160598681124 100 9.523809523809524
800 0.00011635137453466585 0.2810211993193377 200 7.633587786259541
810 0.0003075572782045268 0.13899406547696155 100 9.009009009009008
810 0.00010302100309545705 0.24899815588611243 200 7.462686567164179
820 0.0002615130196290429 0.07791286526630764 100 8.620689655172413
820 6.667608305238186e-05 0.22677528253173082 200 7.2727272727272725
830 0.00024512572804440873 0.07474114089543166 100 8.130081300813007
830 8.204810897336798e-05 0.2623403840809795 200 6.8259385665529
840 0.00025695773495276687 0.32623555974906304 100 6.211180124223602
850 0.00046058451179051675 0.42461148841573726 100 5.813953488372094
860 0.0008186136826127736 0.4477616305625968 100 5.882352941176471
870 0.0008066789137999472 0.43303055226544485 100 6.024096385542168
880 0.0006547776889977556 0.4031710067156605 100 6.134969325153374
890 0.0003395696629807283 0.3791557652548324 100 6.211180124223602
900 0.000236336810256017 0.3675451755100278 100 6.289308176100628
910 0.00018319758814854727 0.36063611353903324 100 6.329113924050633
920 0.0001357161951506513 0.3617973465182629 100 6.329113924050633
930 0.0001764053574602617 0.37023328109842807 100 6.289308176100628
940 0.00018325674667040053 0.39561057617764694 100 6.172839506172839
950 0.0001897596708339083 0.46438725225264343 100 5.882352941176471
960 0.00010517610881316772 0.6792155227977454 100 5.128205128205129
970 0.00010811769109663833 0.903970529213837 100 4.405286343612334
